-4.3457419 0.63333883
-3.7709323 0.57512099
-3.7683654 0.59604834
-3.6051077 -0.16729852
-3.551107 0.4183596
-3.5357733 -0.021738398
-3.4316392 0.25139293
-3.3873224 0.1431083
-3.3650231 0.18983588
-3.3378584 0.50913401
-3.2586069 0.14768026
-3.249651 0.26161222
-3.2343615 0.3066466
-3.193695 0.52743711
-3.1511144 0.1784572
-3.1436564 0.16083594
-3.0367688 0.0024320225
-3.0247992 0.022794089
-3.0006383 0.2534834
-2.9940464 0.23196455
-2.9812527 -0.2602679
-2.9305108 0.20468601
-2.9255097 0.29090714
-2.9087096 0.14625219
-2.8935938 0.23611319
-2.8858778 0.19928338
-2.8395835 -0.23796942
-2.837755 0.058899832
-2.8317583 0.097724475
-2.8259446 0.043533449
-2.8171887 0.3330495
-2.8159323 0.41730592
-2.805973 -0.0046924448
-2.7939233 0.22557458
-2.7591688 0.34375828
-2.7531285 0.40643947
-2.7294385 0.18020621
-2.7033624 0.12229526
-2.7023358 -0.029174491
-2.6785046 0.080422952
-2.6772103 -0.088176212
-2.6690454 -0.31169381
-2.6601031 0.010401983
-2.6378515 0.1008815
-2.635893 0.02269952
-2.6243078 0.31601592
-2.606051 0.35725032
-2.602823 -0.0076800756
-2.5905204 -0.015272626
-2.5889005 -0.035055269
-2.5738684 0.27982913
-2.5656663 0.033928609
-2.5618793 0.15727712
-2.5608499 0.13813974
-2.5333883 -0.042108452
-2.5288252 0.18557837
-2.5119025 0.0091802777
-2.5106788 0.15373424
-2.4903413 -0.10625246
-2.4764307 -0.024675085
-2.4745935 -0.14562026
-2.4557282 -0.11017582
-2.4535156 -0.085061745
-2.4399116 0.058484813
-2.4323378 0.1361192
-2.4296427 0.24193609
-2.4267785 0.098978154
-2.4200956 0.11343825
-2.41331 0.1218604
-2.4113779 -0.05932325
-2.3958255 -0.1571563
-2.3925697 0.08191178
-2.3874144 0.16757215
-2.3602098 -0.025146418
-2.3580815 0.066072387
-2.346364 0.12038848
-2.3452051 0.099287322
-2.3406862 0.17181568
-2.338933 0.22990189
-2.3388148 0.093546899
-2.3312725 0.22766259
-2.3261403 -0.11698115
-2.3101818 0.023469075
-2.3045301 0.2193518
-2.3024268 0.1285711
-2.2954769 0.2120476
-2.2844371 0.15143355
-2.2740211 0.35109317
-2.2730478 0.12872046
-2.2681271 0.14999604
-2.2602758 0.23591399
-2.2531921 0.071444657
-2.2509282 0.082403809
-2.244881 0.063957194
-2.2266407 -0.096561156
-2.2229026 0.30605381
-2.2174134 0.029761764
-2.2045826 0.053613551
-2.1970475 -0.061887811
-2.1897592 -0.12763883
-2.1873149 -0.048054672
-2.1843764 0.1156824
-2.1808501 0.26428599
-2.1736134 0.14512567
-2.169096 -0.043766733
-2.1606391 -0.12083449
-2.1550706 0.028632449
-2.1394671 0.075821158
-2.1369702 0.069951849
-2.1346528 0.090349006
-2.1276825 0.058841553
-2.1249161 0.1177194
-2.1180916 0.076473485
-2.1180541 0.049094732
-2.1091259 0.061987416
-2.1090724 0.033970876
-2.1044414 0.084806958
-2.1029827 0.076520754
-2.0946549 -0.02109177
-2.0940419 -0.075184689
-2.0631886 -0.080415193
-2.0611162 -0.054687869
-2.0502715 -0.092225194
-2.0480811 -0.025165035
-2.045775 0.092401107
-2.0452668 0.021225754
-2.0418407 0.092965112
-2.0401506 0.037351756
-2.0313605 0.076256283
-2.0291102 0.028463791
-2.0251131 0.035705786
-2.0111583 -0.1641659
-2.0078663 0.10686956
-2.0039879 -0.013672226
-1.9991993 0.10072084
-1.9960528 0.067027203
-1.9915373 0.097095406
-1.9895989 0.10939489
-1.9869353 0.033931927
-1.9830869 0.094236949
-1.9785758 -0.060584008
-1.9756645 -0.028716389
-1.9736706 -0.055186524
-1.9725595 0.14495741
-1.9618618 0.08277939
-1.9591047 0.096041926
-1.9528949 -0.0070895533
-1.9519632 0.024342372
-1.9484717 -0.073442165
-1.944958 -0.08175318
-1.9381068 -0.045593866
-1.9368347 -0.11077313
-1.9294181 0.114613
-1.9253637 0.041260678
-1.9235957 -0.21401653
-1.9233278 0.16803837
-1.9133608 0.066467313
-1.9071395 0.10481087
-1.9059186 -0.094429995
-1.9017983 -0.031035536
-1.8994446 0.05488031
-1.8934739 -0.033675033
-1.8904004 0.034084337
-1.8892334 0.20688126
-1.8813783 -0.012715781
-1.8812885 0.20553977
-1.87968 -0.028005743
-1.8732574 0.043673751
-1.8728391 0.06194268
-1.8644497 0.11785927
-1.857826 -0.0077570507
-1.8560911 0.015709698
-1.8541205 -0.023190128
-1.8527165 0.051081772
-1.8513321 0.024998252
-1.8436849 -0.06546241
-1.841528 0.077662075
-1.8389973 0.038419691
-1.8357076 -0.039559919
-1.8309371 -0.013776636
-1.8234179 0.19573964
-1.8190642 0.165155
-1.8133611 0.19890287
-1.8072424 0.017484744
-1.8047923 0.12135584
-1.7999991 0.013647565
-1.7967384 0.021165304
-1.7966536 0.11567319
-1.7912893 0.054178402
-1.7889045 -0.00042904499
-1.7836899 0.094436973
-1.7818881 0.11256473
-1.7782881 0.059076916
-1.7743765 -0.043191809
-1.7707056 0.16378687
-1.7683099 0.064719659
-1.7662203 0.075528057
-1.7613848 0.20443841
-1.7594868 0.15290834
-1.7497298 0.064394404
-1.7493317 0.14690169
-1.7482001 -0.01230601
-1.7459121 0.12364147
-1.743356 0.12498799
-1.7391431 0.066295114
-1.7325098 0.021258333
-1.7312556 0.060718631
-1.7217041 0.059556184
-1.7184284 -0.11186022
-1.7160287 0.11541888
-1.7148086 -0.0089067708
-1.7040896 -0.18061069
-1.7039202 -0.025794249
-1.7002583 0.071394318
-1.6912041 -0.086056033
-1.6906897 -0.042512393
-1.6840986 -0.081029209
-1.6815531 -0.068588871
-1.6813492 0.031079481
-1.677428 0.023399697
-1.67539 0.0051747665
-1.6738282 -0.14295447
-1.673535 0.001146301
-1.6693575 0.072746678
-1.66755 0.085570388
-1.6665898 0.032589752
-1.6584278 0.09923975
-1.6558208 -0.053952334
-1.6546318 -0.19321078
-1.6514966 0.1007946
-1.6425388 -0.092064151
-1.6422667 0.055522555
-1.6392839 -0.038068359
-1.6360499 0.017494617
-1.6323639 0.015458262
-1.6258034 0.078378348
-1.6230568 -0.021707361
-1.621996 -0.085586374
-1.6215125 0.049683738
-1.6191773 0.027781688
-1.6134558 0.0798152
-1.6131958 0.061642584
-1.6082826 0.0081846848
-1.6023233 0.23489883
-1.594806 0.035140493
-1.5927304 0.082454001
-1.5900799 0.016335581
-1.5812179 0.14334383
-1.5786963 -0.0047369965
-1.575229 0.068153242
-1.5733629 -0.13710359
-1.5710653 0.064548025
-1.5700986 0.074704527
-1.5673174 0.095980802
-1.5594426 0.072010624
-1.5561533 0.18596612
-1.5555093 0.15932865
-1.5495498 0.083664678
-1.5485028 0.00060154681
-1.5462542 0.040254439
-1.5444007 0.033221127
-1.5426217 -0.097580661
-1.5352443 0.044938394
-1.5342975 0.054039816
-1.5312038 0.043936982
-1.5299667 0.038515381
-1.529016 -0.046700452
-1.5258074 0.016816366
-1.5208633 -0.065724598
-1.5195904 -0.18343547
-1.5190594 -0.0090112087
-1.5138165 -0.12395922
-1.5118065 -0.066002452
-1.5083121 0.028484228
-1.502699 -0.0072111524
-1.5018553 0.017349509
-1.499946 0.0016522218
-1.4954854 -0.027703418
-1.4939216 -0.10997853
-1.4913363 0.094616191
-1.4912994 -0.0069549113
-1.4866908 -0.0078221314
-1.4839733 0.10231532
-1.4833392 -0.066693067
-1.4817368 -0.032150819
-1.478499 -0.020203267
-1.4734735 -0.005177527
-1.4701954 -0.009774548
-1.4667268 -0.13594511
-1.4655154 0.022886189
-1.4571523 0.031715832
-1.4568828 -0.022774753
-1.4549055 0.028025437
-1.4539437 0.031766921
-1.4496534 0.058475906
-1.4455992 0.01564779
-1.4429564 0.04880998
-1.4400519 0.0051969274
-1.436484 0.060121842
-1.4344663 0.051982093
-1.4338865 0.012320762
-1.4317378 -0.1243988
-1.4292158 0.057120722
-1.426335 0.072968557
-1.4229491 -0.013600323
-1.4226643 0.050170096
-1.4221302 0.016609344
-1.4215043 0.13256925
-1.4173671 0.03726053
-1.4168809 0.16447343
-1.4136404 0.0093646472
-1.4126216 -0.13724697
-1.4097703 0.13043329
-1.4065426 0.028983371
-1.3996046 0.00087455201
-1.3977442 0.047040428
-1.3972177 -0.0036467746
-1.393863 -0.022550348
-1.3931026 0.01496249
-1.390661 -0.057055561
-1.386565 -0.035327594
-1.3852737 0.05283836
-1.3844701 0.10004392
-1.3834058 -0.037952365
-1.3834044 0.058606149
-1.3787454 -0.054847652
-1.3761239 -0.047879933
-1.373859 0.027484018
-1.3700909 0.05909506
-1.3683008 0.030097058
-1.3677135 0.046814785
-1.3617585 0.086558864
-1.3586782 0.091735998
-1.3567239 0.097562847
-1.3564229 0.0046340773
-1.3549617 0.066121055
-1.3531392 -0.053475896
-1.3502163 0.028533344
-1.3485543 0.046037792
-1.3421909 0.020107919
-1.3384941 -0.015960386
-1.3341354 -0.036306526
-1.3320365 0.060265857
-1.3314464 0.061441292
-1.3287803 0.048546683
-1.3237769 -0.02120245
-1.3236198 0.027205555
-1.3218891 -0.0054903237
-1.3185205 0.013905903
-1.3141037 -0.0082396537
-1.313867 0.044330858
-1.3101044 0.14778425
-1.3067821 -0.050196956
-1.3053865 0.11569273
-1.3031576 0.017736974
-1.3026592 0.051507229
-1.2992108 0.015696643
-1.2986416 -0.021686569
-1.2956529 0.14326762
-1.2927844 -0.009357488
-1.2860112 0.01004518
-1.2834917 0.07095425
-1.2832164 -0.0059249418
-1.2813641 0.028654715
-1.2770886 0.14162216
-1.2766763 0.05050334
-1.2748289 0.029956796
-1.2729563 0.0066817812
-1.271536 0.062244587
-1.2656586 0.068216055
-1.2633973 0.042290359
-1.259039 -0.0010376663
-1.2581521 0.024628798
-1.2562131 -0.05069068
-1.2552763 -0.024500652
-1.2493055 -0.017032309
-1.2465264 0.018797014
-1.2443681 0.021032372
-1.2396151 -0.030203838
-1.2390759 -0.013880891
-1.2355256 -0.02548682
-1.2345332 -0.034241382
-1.2311557 0.039070805
-1.2289093 -0.020345007
-1.2282456 -0.030105969
-1.2245289 0.018143985
-1.2218683 0.0071140871
-1.2198076 0.010972566
-1.2174711 0.057561161
-1.217286 0.061238105
-1.2163113 -0.035816542
-1.2157889 0.037854875
-1.2137099 0.10005168
-1.2125356 -0.031348318
-1.212077 0.048401232
-1.2077747 0.031398913
-1.2060512 -0.047194328
-1.2005187 0.0043512009
-1.1977456 -0.040277359
-1.1974389 0.088074438
-1.1933198 -0.031051116
-1.1872903 -0.025979607
-1.1871738 -0.021162937
-1.1837443 -0.025765444
-1.1831933 -0.021412892
-1.1806865 0.070831203
-1.1804185 0.0092419716
-1.1738732 0.11803304
-1.1721157 0.066788957
-1.1702948 -0.050790933
-1.1693726 -0.025367612
-1.1671248 -0.014335698
-1.1627345 0.019832442
-1.1625776 0.11464045
-1.1597392 0.0068787076
-1.1550015 0.040811758
-1.1531794 0.10876933
-1.1486848 0.05816902
-1.1480601 0.064059495
-1.1456586 0.062558802
-1.1444732 0.040486232
-1.1442125 -0.026069152
-1.1420678 -0.017527514
-1.1364444 -0.051896557
-1.1363812 0.044844866
-1.1347871 0.065728335
-1.1342516 0.019579061
-1.1288585 -0.040244178
-1.125356 -0.041890269
-1.1230126 0.0093811432
-1.1219781 -0.053279457
-1.1184262 -0.028050428
-1.1183246 0.023154934
-1.1158378 -0.028227479
-1.1137882 -0.054101546
-1.1131806 -0.041516994
-1.1111689 0.031631597
-1.1070754 0.0032652067
-1.1070035 -0.055613754
-1.1020977 -0.050812278
-1.1004965 0.063393059
-1.0983645 0.0089479558
-1.0953678 -0.032816369
-1.0948114 0.022088926
-1.0938373 -0.03339111
-1.0913899 0.0085838175
-1.08935 0.014802958
-1.0883131 0.024010527
-1.0847104 -0.010086222
-1.0800142 0.010719662
-1.0778747 0.0024838396
-1.0778392 0.0098674883
-1.0761985 -0.0047335128
-1.0744532 -0.030157595
-1.0714985 -0.027510563
-1.0690264 -0.0011706009
-1.0668742 0.002758694
-1.0662807 -0.0070776723
-1.0641291 0.049833249
-1.0616445 -0.046517382
-1.0591599 -0.023657328
-1.055237 0.020035309
-1.0549656 0.0038671895
-1.0545266 0.0361402
-1.0488417 -0.0024390055
-1.0487849 0.021065285
-1.0463207 0.0070701762
-1.0446806 0.047093155
-1.0430865 -0.02118257
-1.0409021 -0.062518489
-1.0347248 -0.061562454
-1.0344858 0.025856174
-1.0305305 -0.032164631
-1.0300288 0.021753267
-1.0275366 -0.03094027
-1.0260525 -0.064146392
-1.0242264 0.010366926
-1.0218563 -0.06259667
-1.0201083 0.0053362368
-1.0185427 -0.057248294
-1.0163713 -0.016413479
-1.0137232 0.048322772
-1.0135883 -0.074414385
-1.0094775 -0.045783778
-1.0079263 -0.015512061
-1.0052648 0.03214831
-1.0049093 -0.014717874
-1.0036774 0.02126295
-0.99740804 0.01070029
-0.99645914 -0.03435851
-0.99636671 0.02228896
-0.99367499 0.0031223392
-0.99250638 -0.048420501
-0.99211217 -0.043053056
-0.99080293 -0.057774692
-0.98941377 -0.025021993
-0.98735553 -0.0011678853
-0.98529541 0.0307568
-0.98489043 -0.0086730348
-0.98461712 -0.00064885582
-0.98335956 0.0046697129
-0.97985529 -0.018500294
-0.97672844 0.0041904669
-0.97611115 -0.012797887
-0.97416979 -0.0014177469
-0.970649 0.017066739
-0.97057021 -0.081793106
-0.96852407 -0.0018769733
-0.96747835 0.02186
-0.96513415 -0.014474879
-0.9648553 -0.005423543
-0.96222245 -0.019805848
-0.95890334 0.003539505
-0.95710767 0.021937863
-0.95398215 0.063603272
-0.95390594 -0.07546612
-0.95353332 -0.030572944
-0.95148667 -0.0069357777
-0.9505061 -0.031076984
-0.94919303 -0.027880824
-0.94812062 -0.012226069
-0.94523775 0.062931572
-0.94267337 0.013684629
-0.94113653 -0.13200106
-0.94048367 0.0043207035
-0.93814458 0.0099175986
-0.93521138 0.068534277
-0.93440378 0.032587601
-0.93319236 0.0014665377
-0.93293553 -0.035922379
-0.93224133 0.00015925287
-0.92852062 0.077587886
-0.92743838 0.028783515
-0.92157014 -0.0077181192
-0.92005032 0.0054707082
-0.91806826 -0.043037762
-0.91578131 -0.062779156
-0.91447005 0.025355128
-0.90882749 -0.048649141
-0.90724689 0.069040604
-0.90493645 0.04182525
-0.90452484 -0.036157795
-0.90265376 -0.055307386
-0.89876051 0.028303911
-0.89850329 -0.044416625
-0.89734329 0.038440819
-0.89647619 -0.0014534798
-0.89387023 0.023226943
-0.89367836 0.006810675
-0.890228 0.035813388
-0.8887018 0.01025761
-0.88657181 -0.0035401161
-0.88401039 -0.035724589
-0.88028026 0.015988432
-0.87991067 -0.039750468
-0.8769342 -0.036946
-0.87607181 0.0094861496
-0.87326515 -0.0017474547
-0.87320848 0.051085326
-0.870776 0.0061486264
-0.87064443 -0.00028040826
-0.86655211 0.0036768129
-0.86453856 0.038095185
-0.86404534 -0.047864099
-0.86305038 -0.014014386
-0.85856462 0.014759448
-0.85705231 0.086863835
-0.85649165 0.044414979
-0.85556228 0.035704834
-0.85038542 -0.021481412
-0.84928371 0.086313047
-0.84768036 0.065259571
-0.84508806 0.079076108
-0.84463703 -0.0050999737
-0.84070375 0.002910437
-0.84046038 0.049380171
-0.83853564 0.057285477
-0.83683378 0.016051074
-0.83545078 0.011789321
-0.83174161 0.051862203
-0.83044474 0.067391091
-0.82879458 0.042355195
-0.82795644 0.062104372
-0.82615829 -0.00056257132
-0.82587819 0.011111297
-0.82509462 -0.037176568
-0.822295 0.11443971
-0.82114395 0.012353014
-0.81947987 0.033312074
-0.8190664 -0.067567103
-0.81608974 -0.037726196
-0.81487691 0.03500835
-0.81179886 0.036217106
-0.81166913 -0.014133014
-0.80953016 -0.088893427
-0.80692397 -0.0011518509
-0.80424139 0.04257776
-0.80380839 0.0071260997
-0.80094763 0.0063001458
-0.79997281 0.029502761
-0.79784428 0.10433773
-0.79615698 0.02588371
-0.79207837 0.045755254
-0.79097365 -0.0099629914
-0.78899909 0.07321793
-0.78658242 0.046713651
-0.78375989 0.06993149
-0.78362915 0.069370678
-0.78049294 0.084097717
-0.7795297 0.11459727
-0.77889002 0.10208553
-0.77138318 0.12202303
-0.77094599 0.03436375
-0.77038428 0.02376996
-0.77034187 -0.021754637
-0.76857827 -0.015460021
-0.76519242 -0.020476831
-0.76251745 0.044100828
-0.76202755 -0.074502623
-0.75821658 -0.075400968
-0.75801699 0.07357524
-0.75476876 -0.014543914
-0.75475766 -0.042878137
-0.7514113 -0.053227228
-0.7511422 0.052578864
-0.74609733 0.0052187941
-0.74347629 -0.032021413
-0.7431114 -0.081420689
-0.74273126 0.064304343
-0.73679487 0.049915902
-0.73439503 -0.00029826298
-0.73304198 -0.016913287
-0.73143355 -0.045402989
-0.73086126 0.0043856075
-0.72842405 0.057991904
-0.727363 0.066976931
-0.72697917 -0.08543965
-0.72385388 -0.017971589
-0.71886076 0.019981657
-0.71867604 0.028342352
-0.71734563 -0.07491919
-0.71551233 -0.006752166
-0.71124474 -0.061076239
-0.71061558 0.011445408
-0.71044405 -0.033273501
-0.7078708 0.0071825323
-0.70717721 0.0088527045
-0.70708981 0.0085289875
-0.70602357 -0.033352535
-0.70446859 -0.012990908
-0.70244862 -0.0064871711
-0.69881936 -0.061300415
-0.69875403 -0.013059219
-0.69743756 -0.041106891
-0.69636596 0.0026961702
-0.69525851 0.032660753
-0.6935133 -0.059076056
-0.69324484 -0.091962287
-0.69141816 -0.077241953
-0.68883568 -0.044605378
-0.68879146 -0.048663328
-0.68445324 -0.017525968
-0.68339169 -0.028157961
-0.68211447 -0.0353761
-0.67961819 -0.026048202
-0.67841308 -0.028837882
-0.67610519 -0.02766547
-0.67453186 -0.022680225
-0.67413726 0.056964026
-0.66844935 0.042054496
-0.66807455 -0.03718598
-0.66689213 0.013264081
-0.66426301 0.010034573
-0.6633429 0.0065448002
-0.65916869 0.0013002217
-0.65727907 -0.041630252
-0.65664235 -0.018495099
-0.65561672 0.022928609
-0.6527717 0.029580265
-0.6518272 -0.029468511
-0.64913394 -0.066250005
-0.64813839 -0.0085760443
-0.64656695 0.039189624
-0.64429361 0.0081788088
-0.64352547 0.031721226
-0.64276495 -0.01372121
-0.63960163 -0.021150559
-0.63740608 0.044662433
-0.63494868 -0.025457845
-0.63284337 -0.034716244
-0.63265186 -0.04628004
-0.62752486 0.063108973
-0.62542596 0.066860965
-0.62458578 -0.014645732
-0.62134597 0.018827697
-0.62025634 0.055382278
-0.61897607 0.01957872
-0.61758144 0.054751964
-0.6139607 -0.031326391
-0.61238205 0.068476716
-0.60849306 -0.0647741
-0.60692049 -0.014742081
-0.60668993 0.029996181
-0.60588888 0.052624205
-0.60428562 -0.016825589
-0.60212885 0.0030354547
-0.60156658 0.016455622
-0.59893915 -0.026775978
-0.59689593 -0.034929086
-0.59621637 0.014262369
-0.59224955 0.029577449
-0.59123132 0.040294303
-0.59108763 0.0054753576
-0.58916778 -0.015850959
-0.58853654 0.028810599
-0.58581645 -0.010366304
-0.58340622 0.0029655726
-0.58232137 -0.030808267
-0.58157721 0.034739839
-0.57841441 -0.013894135
-0.57821218 -0.043892613
-0.57732951 0.010841173
-0.57664138 0.034861177
-0.57496633 -0.045408684
-0.57352603 0.016230188
-0.56624976 -0.078356043
-0.56583376 -0.013271598
-0.56418085 0.01821115
-0.5635464 0.0033246497
-0.56327055 0.039434822
-0.55822666 -0.0087719486
-0.55732999 -0.051684275
-0.55601739 0.04488352
-0.55491201 -0.019500177
-0.55292726 -0.037551333
-0.54905468 -0.010783651
-0.54831656 -0.054074089
-0.54724679 0.02340903
-0.54562523 -0.026014208
-0.54549584 -0.020082836
-0.54312189 -0.035411877
-0.54114947 -0.066296531
-0.53926606 0.073036454
-0.53853694 -0.0010611997
-0.53682237 0.0075565022
-0.53303646 -0.092737031
-0.5326439 -0.037977458
-0.53105362 0.04120105
-0.52965 0.00097411837
-0.52815168 0.0086302671
-0.52756283 -0.017503733
-0.52483262 -0.023702294
-0.52476782 -0.0037187144
-0.52419027 0.024974305
-0.52100005 -0.036003102
-0.52056036 0.012622031
-0.51682435 -0.065430705
-0.51516202 0.0083072212
-0.51381193 -0.024870546
-0.51321412 -0.068161425
-0.51263911 -0.0050553836
-0.51154544 0.0089912567
-0.51068047 0.03364833
-0.50822796 0.012872776
-0.50447666 0.011904511
-0.5039549 0.0019910594
-0.50335859 -0.054998559
-0.50230041 -0.017089582
-0.50075075 0.054579874
-0.49785286 0.039833324
-0.49722531 0.012796203
-0.49710999 -0.11441753
-0.49475711 0.0066063219
-0.49292546 0.019219661
-0.49139614 -0.033224221
-0.48955774 0.00018896865
-0.4853997 -0.043502178
-0.48517061 -0.050406626
-0.48174485 -0.057527009
-0.48165944 0.00035546717
-0.48082119 -0.025897158
-0.47791506 0.00019861044
-0.47752695 0.077093362
-0.47592298 -0.022570021
-0.47511325 -0.0037489818
-0.47470217 -0.00094988657
-0.47112458 0.0095537224
-0.46900625 0.025815317
-0.46851075 0.0023849909
-0.46815144 -0.0074713895
-0.46612309 -0.079326952
-0.46444006 -0.023935544
-0.46439072 -0.099577028
-0.46343784 0.018256256
-0.46056909 -0.010075034
-0.45934205 -0.034597396
-0.45817357 0.0052969097
-0.45722135 -0.046391575
-0.45562793 -0.002670364
-0.45494136 -0.030244022
-0.45405956 0.0090856387
-0.45229814 0.0305879
-0.45087885 0.030972827
-0.4508335 -0.028573794
-0.44857098 0.022699387
-0.44796558 -0.010023675
-0.44559325 -0.051418483
-0.44511736 0.024517292
-0.44402828 0.0042503695
-0.4418311 -0.027956903
-0.43868346 -0.02299321
-0.43863806 -0.021177607
-0.43780982 -0.00056434102
-0.43744771 0.066837853
-0.43629134 0.0095939445
-0.43482076 0.042224911
-0.43381961 -0.043112321
-0.43245428 -0.010609698
-0.43143669 -0.02215761
-0.43006322 0.029873927
-0.42904835 -0.034302752
-0.42567025 -0.010132536
-0.42233828 -0.049042376
-0.42167988 0.043342529
-0.42003641 -0.0022720097
-0.41867756 -0.0051111896
-0.41830306 0.0074065769
-0.41664608 0.020884799
-0.41472149 0.046610759
-0.41425259 -0.025342199
-0.4116459 0.0087233737
-0.40889284 -0.017846811
-0.40864721 0.018981007
-0.4064633 -0.053976129
-0.40552029 -0.00048917689
-0.4029492 -0.036438595
-0.40159799 -0.036233454
-0.40072036 -0.018369344
-0.39970246 -0.0076012951
-0.39854956 -0.033377765
-0.39392733 -0.035991734
-0.39305569 -0.019183469
-0.39092088 0.045709296
-0.3902401 0.086574776
-0.38778735 0.026153482
-0.3863869 0.049901126
-0.38554947 -0.076274394
-0.38302367 0.02312221
-0.38261653 0.052289929
-0.38140688 -0.028615043
-0.37798826 0.012613441
-0.37601625 0.03305226
-0.37250082 -0.035049885
-0.37119114 0.0030461964
-0.37115952 0.078518113
-0.37030592 -0.048945679
-0.36992233 0.033789035
-0.36632705 -0.017903173
-0.36568697 -0.037361445
-0.3638043 -0.021750086
-0.36284182 0.037465591
-0.36173025 -0.03921275
-0.35993517 -0.031057788
-0.35428402 0.0083215546
-0.35376558 -0.037973821
-0.3510971 0.099447776
-0.34715002 0.046032746
-0.34568928 -0.017026842
-0.34512347 -0.036287292
-0.34241575 -0.027150275
-0.34141553 0.022933748
-0.34127678 -0.056145561
-0.33796037 0.01545871
-0.33773145 -0.023687284
-0.33440618 0.036378207
-0.33342858 0.0033130084
-0.33206401 -0.048734272
-0.33091984 -0.038157733
-0.32913407 0.058270601
-0.32867598 -0.024859749
-0.3281419 -0.0077488423
-0.32663045 0.059781751
-0.3257739 0.042467846
-0.32507546 0.040293075
-0.32437787 0.0016074849
-0.32258442 0.021679278
-0.32174147 -0.057020245
-0.31986843 0.010821208
-0.31843831 -0.053424385
-0.31666379 -0.027939908
-0.31512342 0.0049336155
-0.31244011 0.015831004
-0.31114071 -0.036952256
-0.31007754 0.017249168
-0.30769945 0.076109167
-0.30693407 -0.019500555
-0.30441618 -0.056841257
-0.30350311 0.010860693
-0.30330339 8.9285587e-05
-0.30308313 0.00047816877
-0.3000015 0.01413073
-0.29784567 0.04344822
-0.29432797 0.0069270336
-0.29308568 -0.012913847
-0.29026096 0.003834972
-0.288134 -0.020907363
-0.2852998 -0.015540359
-0.2847659 0.037950301
-0.28121087 -0.0015987068
-0.27895901 0.010152635
-0.27780767 -0.029095529
-0.2735449 -0.033508632
-0.27321011 0.041592946
-0.2694302 -0.050728656
-0.26765454 0.0022731687
-0.26742115 0.028611515
-0.26654907 -0.0015382357
-0.26484718 -0.019572063
-0.26320064 -0.023205142
-0.26169032 0.019046336
-0.25873769 0.021408686
-0.25857424 0.035810896
-0.2581928 -0.085545765
-0.25634515 0.020642981
-0.2556093 0.046135251
-0.25445436 -0.0060662469
-0.25069198 0.06583531
-0.25037763 0.0041484799
-0.24938883 -0.048621423
-0.24432623 0.010961481
-0.24362421 0.0067315806
-0.2420843 0.0012333321
-0.24188677 -0.02473066
-0.24052683 -0.057450979
-0.23959715 -0.0086160585
-0.2394348 -0.020712415
-0.23589214 -0.039783555
-0.23558287 -0.039572009
-0.23478939 0.0067712881
-0.23379673 0.028845806
-0.23154135 -0.026761759
-0.22842041 -0.037295287
-0.22775121 -0.033365699
-0.22752589 0.022728923
-0.2251543 -0.0045280401
-0.22388132 0.017248912
-0.22146023 -0.026202338
-0.22139539 0.020199295
-0.21863071 -0.066668892
-0.21769541 0.023200942
-0.21657255 0.0099195982
-0.2152781 -0.018142048
-0.2142389 -0.032651774
-0.21330434 0.035149714
-0.2111696 0.010021623
-0.20939514 -0.033629284
-0.2081175 0.047397503
-0.20488979 -0.010839712
-0.20454001 0.013140662
-0.20194409 0.054081955
-0.20161022 -0.05402417
-0.1996939 -0.0036664195
-0.19776223 0.0092286527
-0.19587516 -0.059088528
-0.19412173 -0.023879649
-0.19239153 0.026469576
-0.19107681 -0.055639246
-0.19076184 -0.00025811639
-0.18988971 -0.03116599
-0.18878287 -0.014383414
-0.18592667 -0.068178202
-0.18561214 -0.022330405
-0.18442028 -0.047016428
-0.18191112 0.008811366
-0.17916667 -0.065504633
-0.17521679 0.018361395
-0.17432661 0.032488259
-0.17175933 0.076470374
-0.17146295 0.00044824965
-0.1692512 -0.011354906
-0.16862726 -0.032746362
-0.16788782 -0.028368695
-0.16561577 0.041742093
-0.16412086 0.046648262
-0.161493 0.01042025
-0.16138175 0.047230048
-0.15771726 -0.040042359
-0.15477677 0.050778817
-0.15326143 -0.019408618
-0.1529071 0.036382204
-0.15224879 -0.05335605
-0.15138624 0.040541019
-0.14942967 -0.032901064
-0.14674632 0.021890631
-0.14431206 -0.018679382
-0.14415121 0.015321035
-0.14168556 0.014624559
-0.14083493 -0.034937222
-0.13872744 0.017330156
-0.13847253 -0.033881931
-0.1341834 -0.10571818
-0.13253767 0.013329931
-0.13177539 -0.023149005
-0.13026683 0.0093499009
-0.126364 -0.060672504
-0.12585057 0.026186223
-0.12455912 -0.084607811
-0.12279746 -0.015737304
-0.11998028 -0.040575644
-0.11950616 -0.061641884
-0.11765599 -0.079403719
-0.11566468 -0.084545131
-0.11510413 -0.030666318
-0.11181727 0.040302759
-0.11145295 0.0076435055
-0.11007211 -0.013420483
-0.10909409 -0.01514185
-0.10761437 -0.070262538
-0.10748735 -0.045266695
-0.10482436 -0.070267686
-0.10261194 0.021354333
-0.1017176 -0.086176022
-0.10126276 -0.0070016984
-0.099678517 0.0048528465
-0.097562106 0.0005537989
-0.096227096 -0.055625837
-0.093940765 -0.017031455
-0.093219222 0.023088362
-0.092856298 0.025020273
-0.091922771 0.049568714
-0.090455377 -0.051367308
-0.089179931 -0.03005537
-0.08707556 -0.022889849
-0.085113803 -0.0098709558
-0.083805344 -0.034991153
-0.081524715 -0.024519759
-0.080708819 -0.023071758
-0.077970054 0.020056093
-0.077818921 -0.017182649
-0.07422109 -0.0078373563
-0.073509576 -0.028428721
-0.071569626 -0.027854141
-0.067923992 -0.066117917
-0.067316571 0.0083146331
-0.063534828 -0.057196832
-0.063525998 0.04758565
-0.06127969 0.024909564
-0.060632206 0.0022301986
-0.059247342 -0.03546217
-0.058302206 -0.037704939
-0.056781258 -0.011280517
-0.054579733 0.0020677953
-0.054330814 -0.032269339
-0.052062814 -0.018953689
-0.049984827 -0.026825475
-0.04828793 -0.022764267
-0.047849819 -0.055083917
-0.047711225 -0.010000116
-0.04560263 0.0060858524
-0.044581426 0.031552514
-0.04348521 -0.045647623
-0.04081474 0.033702937
-0.040372117 -0.031874985
-0.038014367 0.037453758
-0.03629919 0.021097387
-0.035688069 -0.045315194
-0.033576758 0.0047490758
-0.032781683 0.024601222
-0.029641798 -0.025368012
-0.028104615 0.006715401
-0.027338847 0.087553208
-0.02623276 -0.040481052
-0.025679492 -0.016135591
-0.022778827 0.0033966066
-0.021992398 -0.006291852
-0.018529706 0.029237601
-0.018372754 -0.031384541
-0.016499374 0.033314299
-0.016472471 0.028212867
-0.01542232 -0.010233897
-0.013100317 0.013783891
-0.012064807 0.033444398
-0.011849049 0.03974486
-0.0085323708 -0.021436054
-0.0082528197 0.054535412
-0.0066793719 -0.066208391
-0.0051350267 -0.0088065121
-0.0051022243 -0.011894291
-0.0046330568 -0.0092859284
-0.0040463922 -0.016322125
0.00011982037 -0.076658865
0.00041028065 -0.051200812
0.0032882361 0.0024815038
0.0045824907 0.025740589
0.0064991966 -0.04266518
0.0074595214 0.018216217
0.0097951146 0.027746783
0.010280883 -0.037736811
0.011464116 0.015694879
0.013040102 0.049292669
0.013765245 -0.028375535
0.01501306 -0.0038215656
0.016221933 -0.015818352
0.016407008 0.00060849497
0.016992862 0.048442966
0.017736429 0.064538047
0.019067398 -0.033969803
0.023104032 -0.069562851
0.0231611 -0.0054088246
0.025634619 -0.062653906
0.026483581 0.020269285
0.027231956 0.019803028
0.027967113 -0.065587987
0.029811097 -0.048821758
0.032746532 -0.09261179
0.033723664 -0.025514846
0.035011653 -0.0086461528
0.035970199 -0.017042757
0.038016977 -0.064542414
0.038522701 -0.015179936
0.041781167 -0.058870642
0.042058302 -0.021081429
0.043041248 -0.082012693
0.045208515 0.027612315
0.046604557 -0.1020214
0.047445594 0.028765161
0.0503371 0.040063008
0.050582168 -0.046501214
0.051545635 0.01960663
0.051754413 0.009396228
0.056360826 -0.074180047
0.056792069 -0.012033904
0.058969179 0.024098435
0.059860744 -0.0047667395
0.060363317 0.020040964
0.061444669 -0.048357767
0.062430899 0.0054194876
0.063775132 0.091629031
0.066621504 0.0004602309
0.067366314 -0.032392319
0.068433066 0.058006457
0.069668654 0.024218763
0.072982254 -0.047971357
0.075309335 -0.025684462
0.07579895 0.0087545598
0.078493261 -0.016894045
0.080677235 0.023155272
0.082959898 -0.023867888
0.083107402 -0.027885948
0.086201944 -0.05155704
0.086658421 0.04221531
0.08748585 -0.020240845
0.089129745 -0.026554572
0.090849712 -0.0027394364
0.093243874 0.033474279
0.095398696 -0.025212917
0.095683672 0.024739077
0.097881886 0.030579092
0.09996606 -0.015938226
0.10149307 -0.06552729
0.10202511 0.0091905773
0.10620791 0.031783106
0.1064058 -0.039122697
0.10967317 -0.0065420462
0.10994564 0.030200307
0.11155785 0.013197211
0.11360184 0.024286458
0.11417828 0.0065763722
0.11561715 -0.0081361761
0.11594716 0.015235585
0.11785262 -0.030490954
0.12087252 0.0014370145
0.12205521 -0.021156846
0.12218684 -0.08184894
0.12318831 -0.084102487
0.12647933 -0.067380259
0.12889274 -0.0078950744
0.12948773 -0.025508692
0.12984205 -0.047135194
0.13054537 -0.039467479
0.13136893 -0.030694375
0.13589177 -0.019522057
0.13672926 0.014546375
0.13829837 0.045429923
0.13861028 0.065823073
0.1414211 0.05285071
0.14328949 -0.010595652
0.14429623 -0.027267134
0.14701433 0.033001322
0.14862922 0.018088142
0.14907438 -0.013255683
0.15133494 -0.039871677
0.15251456 -0.040893735
0.15378885 0.0039402241
0.15439145 0.0087501137
0.15750303 -0.0037713538
0.15809824 0.031105582
0.15875447 -0.055134968
0.15996113 -0.030703785
0.16042797 0.019149505
0.16282577 0.041563386
0.16581268 0.11207336
0.1658509 0.005722639
0.16740066 -0.010296581
0.16935749 0.022584241
0.17073462 -0.0061234749
0.17073741 -0.041049992
0.17281145 -0.031244049
0.17363383 0.03032934
0.17443594 -0.013155444
0.17719909 -0.034653504
0.17743906 0.011085665
0.18000749 -0.0079140173
0.18061917 0.011056001
0.18243407 -0.02781919
0.18488007 -0.025908853
0.18585044 0.0016718349
0.18738374 -0.012779444
0.19151938 0.0016734507
0.19250431 0.0076816247
0.19640741 -0.069850488
0.19878098 -0.0059317435
0.20023086 -0.024491373
0.20142045 0.0023229327
0.20428205 0.0017897162
0.20480262 0.065531623
0.20530869 0.021681832
0.20991976 -0.025081975
0.21070038 0.079814009
0.21252092 -0.014465543
0.21411253 -0.056951133
0.21619792 -0.0071601777
0.21768774 -0.0070790662
0.21923296 0.0095817823
0.22020006 0.017636244
0.22272228 -0.0082553257
0.22523337 -0.039265275
0.22535338 0.082088482
0.22740823 0.01471805
0.22748647 -0.013461761
0.2290209 0.049654963
0.22967122 -0.010344379
0.23131512 0.080976759
0.2317197 0.010717992
0.23405832 -0.034219355
0.23574357 0.035947401
0.23685787 0.029531621
0.23886362 0.013070057
0.24049686 -0.029102594
0.24127151 -0.034163503
0.24271099 -0.020612373
0.24402535 -0.029010311
0.24429061 0.010057371
0.24605387 0.012780997
0.24676646 -0.02861806
0.24916162 -0.0081824537
0.24979085 0.0032834554
0.25167278 0.0054705343
0.25214412 0.00062894589
0.2542937 -0.059132821
0.25568 -0.009536233
0.25642385 0.045271361
0.26021659 -0.0093238464
0.26084404 -0.095746034
0.26128348 -0.04536927
0.26556472 -0.046586606
0.26660265 -0.10813615
0.26830644 -0.048019684
0.26852477 0.004575015
0.26955487 -0.04802075
0.2725931 0.055397845
0.2734226 0.029138035
0.27541708 -0.040042815
0.27878899 0.041440948
0.28113692 -0.030162546
0.28348799 0.0070035085
0.28498629 -0.021726981
0.28601675 0.034804484
0.28804234 0.015007974
0.28904394 -0.10020323
0.29107205 0.056607783
0.2939326 -0.08398195
0.29404089 -0.0092087206
0.29601714 0.0090291475
0.29844807 0.024787082
0.29915775 -0.065487644
0.29990196 0.018106614
0.30712175 -0.017842432
0.30747282 -0.063290979
0.30926912 0.012293293
0.30941967 -0.026617699
0.31390035 -0.010652493
0.31491577 0.030057757
0.31514208 0.02623822
0.31551082 -0.030721965
0.31963 -0.025753682
0.31974077 -0.043030642
0.32027798 -0.027692537
0.32134132 -0.039874847
0.3233135 -0.030126886
0.3235948 0.044029915
0.3257791 -0.0037079532
0.32859752 0.0098843406
0.32898184 -0.01402345
0.33121495 -0.014924726
0.33285794 -0.064367768
0.33364281 0.021050173
0.33488998 -0.0099668693
0.33581653 -0.024033522
0.33783588 -0.037321206
0.33811787 0.029132634
0.34278795 -0.017140751
0.34577407 -0.074535488
0.34717381 0.0059775338
0.34780977 0.0038906947
0.35003448 0.021336172
0.35232744 -0.0063861816
0.35378559 0.0034940154
0.35568277 -0.070831441
0.35679092 -0.02554234
0.35760979 -0.03232398
0.36002832 -0.01566726
0.36178655 -0.027533874
0.36375859 0.0083636082
0.36569399 -0.041320239
0.36673846 -0.049724526
0.36730316 0.044066797
0.36930701 0.040333956
0.36931854 -0.063369048
0.37046689 -0.030505933
0.3714858 -0.029228912
0.37341839 0.026077821
0.37583668 -0.095067759
0.37836732 -0.074751186
0.37911122 -0.046093712
0.3802733 -0.089681529
0.38322204 -0.0022842831
0.38576626 -0.0090228771
0.38670772 -0.018687678
0.38674918 -0.019305996
0.39126191 -0.017545585
0.39268262 -0.0062093847
0.39339073 -0.043547964
0.3936885 0.00010502722
0.39504632 -0.011232147
0.3956591 0.029791405
0.39698146 0.022837133
0.4003757 -0.085921078
0.40092796 0.013263523
0.40215434 -0.1121571
0.40440528 -0.0095071583
0.40555883 -0.061981434
0.40582931 -0.074670106
0.41250871 0.041792884
0.41329344 0.016812241
0.41512712 0.034409113
0.41630185 -0.05554697
0.41800103 0.020086167
0.41966584 -0.0049559666
0.42061676 0.00072820467
0.4220139 -0.075665873
0.42283681 0.043637799
0.43018668 -0.023185937
0.43258186 -0.035457063
0.43267142 -0.063968098
0.43473161 -0.083157522
0.43529237 -0.043589882
0.43624507 -0.024036686
0.43753374 -0.0089002344
0.43867282 0.062499254
0.43932595 -0.04976534
0.44013252 -0.0015630087
0.44080816 0.00025269655
0.44427636 -0.013484137
0.44495044 -0.04785788
0.44575608 -0.05826494
0.44733204 0.045002872
0.44824961 -0.0075486535
0.45099725 -0.081094273
0.45258951 -0.0093504091
0.45514589 -0.0044282661
0.45572764 0.019882288
0.45632065 -0.042883206
0.45763376 -0.030125244
0.45778213 -0.012826105
0.46087885 0.012086152
0.46264165 -0.010200297
0.465177 -0.020058665
0.46561794 0.01452269
0.46681292 0.06737282
0.46758822 -0.022114138
0.46794464 -0.0049699427
0.46973001 -0.042973032
0.47130619 -0.040099741
0.47183096 0.036043745
0.47524462 -0.014356235
0.47592986 -0.0017683748
0.47732977 -0.05424367
0.47791261 -0.021143324
0.47862757 0.059055477
0.48071669 0.024663975
0.48082628 0.0057392902
0.48198385 -0.0046370416
0.48433883 -0.0033596796
0.48479311 -0.019674758
0.4866148 0.015050861
0.48770868 -0.072965539
0.48889063 -0.039552023
0.48911389 -0.10349829
0.49021983 -0.029783363
0.49312058 -0.01465901
0.49394746 -0.079504348
0.49669163 0.030601174
0.49764528 0.042963554
0.5000659 -0.049866101
0.50151166 -0.018180907
0.5018626 -0.017819192
0.50313347 -0.082128884
0.50378885 -0.080769593
0.5054888 -0.032675683
0.50734111 -0.082154933
0.50836625 -0.043270896
0.51012071 -0.06918654
0.51144734 -0.0095887102
0.51315436 -0.00036399311
0.51537048 0.010047398
0.5181832 -0.004251404
0.51843447 -0.0021233481
0.52095365 -0.07278728
0.52136578 -0.051657812
0.5224325 -0.091348253
0.52487934 -0.059772575
0.52702509 0.038617557
0.52903308 -0.014908613
0.53130184 -0.054509461
0.53299674 0.062005622
0.53342106 0.004487071
0.5361922 -0.086243867
0.54011416 -0.072682922
0.54082755 -0.099201788
0.54386239 -0.0088358454
0.54452293 0.048094797
0.54488413 0.0039270508
0.54699359 -0.040674046
0.5493077 0.044931619
0.54952132 -0.017119991
0.55194474 0.0054454418
0.55252947 -0.021542201
0.55271752 -0.036551255
0.55467328 0.0066210877
0.55599193 -0.053421657
0.55853715 0.029708908
0.56079073 -0.010963986
0.56241065 0.0045084424
0.56582966 -0.0099171728
0.56590313 0.0084571951
0.56790093 -0.01887404
0.56873365 0.012164418
0.57043259 -0.0060637997
0.57296122 -0.049317044
0.57390237 0.0021163137
0.57401751 -0.0058242167
0.57463697 0.01776071
0.57668152 -0.080710086
0.5778417 -0.037306961
0.57962564 -0.0096911219
0.58157975 -0.019691178
0.5824665 -0.014553847
0.58654532 0.035641975
0.58776233 -0.048006008
0.58876455 -0.022128554
0.59227584 0.016461839
0.59299595 0.025777402
0.59352774 0.014499122
0.59537758 0.061160624
0.59606581 -0.065598564
0.59665487 0.013838217
0.59845772 -0.019752332
0.60013185 -0.023994805
0.60331536 -0.0126896
0.60584221 -0.048303665
0.60734996 -0.035584872
0.60939477 -0.043548322
0.61146825 -0.043486873
0.61332 0.0038318279
0.61344885 -0.02426314
0.61716669 0.011273084
0.61847227 0.011858008
0.62061037 0.034878691
0.62119186 -0.04493054
0.62427302 0.017441924
0.6250066 -0.021634859
0.62661442 -0.065524699
0.62909617 0.000234088
0.63192834 0.0049331098
0.6323071 -0.043866427
0.63591972 0.0067653092
0.63638697 -0.026998986
0.64145517 0.0094759314
0.64406847 0.042896623
0.64426045 -0.014406472
0.64501215 0.039472375
0.64658276 0.06038035
0.64747383 0.0059157032
0.64936305 0.010455162
0.65151849 0.043062217
0.65479676 0.01085394
0.65549452 0.06829653
0.65647415 -0.070386604
0.66358912 -0.080308339
0.66442721 0.0038035722
0.666552 0.0059499593
0.66664722 -0.018500747
0.66907983 0.010020218
0.66924491 0.011302094
0.67094769 -0.0096789817
0.67347589 -0.13404929
0.67746346 -0.098675227
0.67803256 0.009035481
0.6798124 -0.060731044
0.68122909 -0.068318001
0.68172736 -0.015164262
0.68452333 -0.11917855
0.68686647 0.035390925
0.68892994 -0.046219134
0.69080784 -0.05760991
0.69139138 -0.080688254
0.69472376 -0.0018355793
0.69600835 -0.058840682
0.69706591 0.063315839
0.69828976 0.016779274
0.70049561 0.024835059
0.70179162 0.034151164
0.70237637 0.0083527168
0.70438357 -0.014242182
0.70800099 -0.030154979
0.70818808 -0.055559996
0.71162273 -0.012041207
0.71372301 -0.015001079
0.71420121 -0.017620179
0.71694701 -0.04361098
0.72050333 0.0084339955
0.72066592 0.0068708002
0.72224816 -0.0095079927
0.72506788 -0.025482825
0.72547855 -0.026450755
0.72831001 0.0012547703
0.72958008 -0.045516147
0.72964929 0.025492483
0.7310015 -0.068199021
0.73360933 -0.021450475
0.73463829 -0.044769235
0.73651201 -0.043246826
0.73814516 -0.032221687
0.74083584 -0.028583578
0.74093602 -0.012581193
0.74243823 -0.023346223
0.74380396 0.035846904
0.74480306 0.016171628
0.74833901 -0.039362107
0.74938251 0.019635425
0.75205518 -0.058687917
0.75441008 0.039819387
0.75565696 -0.0025366124
0.75649129 0.031381868
0.76047528 -0.05482338
0.76118772 -0.066082884
0.76319533 -0.0015201
0.76557099 -0.026735237
0.76559506 0.00038347696
0.76682951 -0.061939084
0.77042892 -0.019153709
0.77139664 0.01431453
0.7717354 0.007617021
0.77324285 0.053532107
0.77342136 -0.11230731
0.77635724 0.011896696
0.77637789 0.055421932
0.78406499 -0.034547515
0.78562394 0.032009221
0.78658778 -0.0035231817
0.78801972 -0.0020696635
0.78930475 -0.015001437
0.78941201 0.051474441
0.79329164 -0.086874994
0.79410037 -0.075233387
0.7975884 0.009193714
0.79900095 -0.031490275
0.80311941 -0.031640073
0.80392548 -0.082957845
0.80598551 0.056282316
0.80602007 -0.038234756
0.80676989 -0.069916646
0.80817429 -0.01513143
0.81170587 -0.046216581
0.81282303 -0.0072631959
0.81803979 0.080947853
0.8186778 -0.014805907
0.82274154 0.0085139583
0.82476649 -0.051470212
0.82527225 0.029291047
0.82751792 -0.023705342
0.83012759 0.034825868
0.831765 0.045999081
0.83351887 -0.02724854
0.83446999 0.044630713
0.83544442 -0.0083593972
0.83832788 -0.017027336
0.83908799 -0.040461371
0.8415853 0.014783078
0.84181114 -0.051710003
0.84554814 -0.037918235
0.8465698 -0.017661351
0.84710302 -0.017958708
0.84976975 -0.0001918048
0.85094916 0.0022160405
0.85418013 -0.013914511
0.85805503 0.031154353
0.85814929 -0.047435682
0.86023475 0.02491157
0.86386911 -0.038523255
0.8642724 -0.00184105
0.86492781 -0.062237801
0.86689705 0.033964673
0.86866395 -0.022154057
0.86985495 0.0024444584
0.87300216 -0.027035197
0.87365412 0.0027926508
0.87617891 -0.017582805
0.88018282 0.018971636
0.88027425 -0.024228008
0.88280041 -0.016888902
0.88422877 -0.062494586
0.88579491 0.052694518
0.88932359 -0.040423211
0.89004627 -0.03985285
0.89313182 0.0058808131
0.89555486 -0.053312468
0.89584085 -0.074918214
0.90072178 -0.050022183
0.90095639 -0.060694972
0.90416295 -0.043282426
0.90456658 -0.023061124
0.90807063 -0.044329583
0.90872351 -0.060769743
0.91063133 -0.00035764313
0.91306094 -0.039855325
0.91547384 -0.066477701
0.91710004 0.032737589
0.91790104 0.042125673
0.92244979 -0.077124017
0.92375125 0.040077364
0.92397089 -0.042634243
0.9256591 -0.0046446483
0.92632844 0.049336308
0.93092855 -0.068330128
0.93179808 0.0035862365
0.93270561 -0.077354346
0.93714859 0.032747539
0.93948183 -0.060388865
0.94205737 -0.063863917
0.94492379 -0.031194144
0.94573738 -0.044303585
0.94755086 -0.032103571
0.94897238 0.058464538
0.95035088 -0.057645724
0.9515705 -0.069949316
0.95223339 -0.039109829
0.95544248 0.0017359718
0.95636169 -0.0064673875
0.96061996 0.022371185
0.96253514 -0.035323821
0.96295853 -0.018099575
0.96304408 0.014829772
0.96535178 0.045006673
0.96675865 0.029747129
0.96918585 -0.036974812
0.96938104 0.0011135928
0.97476204 -0.01575908
0.97573988 0.0057617472
0.97638674 -0.078706904
0.97766778 -0.0090333901
0.97777942 0.0086309183
0.98229359 -0.020004453
0.9835903 0.013662751
0.98522176 0.041668951
0.98658285 0.084647008
0.98670646 -0.075821444
0.98813357 -0.0096001116
0.988925 0.0090838008
0.99071641 -0.082718391
0.99184838 0.028841392
0.99337523 0.052158384
0.99661295 0.042128085
0.9995227 -0.11220997
1.0013615 -0.10173181
1.0016901 -0.0050628595
1.0055593 0.062716686
1.0057435 0.023165531
1.0073407 -0.068439565
1.0081217 -0.074125801
1.0096063 0.064193686
1.0121119 -0.023944756
1.0126256 -0.024579024
1.0130623 -0.01426038
1.0136942 -0.073721591
1.0152858 0.028081117
1.0168112 0.0099147879
1.0172124 0.0087462941
1.0201252 -0.013495858
1.023052 0.04155288
1.023792 -0.026672903
1.0290846 -0.10069454
1.0317272 0.014487749
1.0334371 0.048463231
1.0336552 -0.029507035
1.0354489 -0.096746694
1.0359929 -0.10970931
1.0383178 0.02278814
1.0407668 0.05478749
1.0466695 0.037900071
1.0479476 -0.12120446
1.0526751 -0.087838605
1.0530551 -0.004459248
1.053677 0.057432227
1.0601002 -0.056004564
1.0636131 0.050922145
1.0684348 -0.058251522
1.0730565 0.0056341728
1.0742179 0.037492319
1.0767107 -0.033144165
1.0797637 -0.085956818
1.08007 -0.015162445
1.084062 0.079035591
1.086726 -0.092512522
1.0876064 -0.0023400139
1.0894302 -0.0053214321
1.0905613 0.062991466
1.0925765 0.079203227
1.0935341 0.011009282
1.0954565 -0.067661575
1.0960064 0.131197
1.0972422 0.013564931
1.1003991 -0.10149454
1.1016528 -0.0089550716
1.1032108 -0.020233986
1.1046289 -0.0053607774
1.1060918 -0.07066992
1.1074166 -0.0003236377
1.1109805 -0.020265944
1.1123701 0.03670811
1.1126996 -0.030375414
1.1145234 0.030183299
1.115862 -0.062309299
1.1168673 -0.0093777416
1.1232512 -0.087566731
1.1252092 -0.05640058
1.1259713 -0.030153746
1.1295162 -0.059102854
1.1304209 -0.094193517
1.1365809 -0.067559315
1.1375951 -0.047057506
1.13783 -0.013076293
1.1413222 -0.01810643
1.1421817 -0.011624247
1.1468095 -0.087280088
1.1482677 0.023839464
1.1496277 -0.075288945
1.1516866 -0.017171134
1.1530937 -0.16575912
1.1591489 -0.04214237
1.1609497 -0.14344133
1.1638159 -0.0015971238
1.1639411 -0.044156586
1.1687341 -0.0017379499
1.1690446 -0.091160774
1.1720009 -0.0010389628
1.1740167 0.014611499
1.1758104 -0.045469808
1.1777367 -0.025823886
1.1811478 0.029642906
1.1843141 -0.035054519
1.1848845 0.032391895
1.1874852 0.10139494
1.1879545 0.024117449
1.193381 0.040305823
1.1957351 -0.034364244
1.1974113 0.016726205
1.1997482 -0.013976061
1.2000196 -0.036213524
1.2043597 0.0075199732
1.2054892 -0.046144885
1.206123 -0.015914365
1.2101781 0.0074977659
1.2122316 0.023224496
1.214014 0.041908
1.2157896 -0.0043989645
1.2194289 -0.0028950649
1.2195694 -0.10828212
1.2257673 0.0048914139
1.226089 0.087805351
1.2306512 -0.058488395
1.2313625 0.043112597
1.2327796 0.0025620375
1.2342777 -0.0072302402
1.2355014 -0.020691784
1.2414877 -0.035519333
1.2447527 -0.018278552
1.2456438 -0.00699364
1.2483713 0.057702408
1.249319 -0.02008041
1.2517947 -0.047445406
1.2518567 0.033070095
1.253642 -0.049085216
1.2591019 -0.0098039701
1.2633538 -0.0081859949
1.2660416 0.011957772
1.267438 0.027340144
1.2675117 -0.070635641
1.26932 -0.092563077
1.2741896 0.05009428
1.2744718 0.031250351
1.2765286 -0.020205795
1.2823088 -0.035609349
1.2837154 -0.00086789321
1.2839237 -0.038993419
1.2869401 -0.088062666
1.2908769 -0.0099978624
1.2908975 -0.0590464
1.2945747 -0.025131252
1.2963196 0.019685896
1.2981997 0.022358529
1.3009628 -0.090300146
1.3024713 0.0086968588
1.3068883 -0.077703352
1.3106454 -0.06997008
1.3134284 -0.0043119018
1.3142521 -0.11488735
1.3159925 0.095391831
1.3181471 -0.10366745
1.3233285 0.016522427
1.3259345 0.067742911
1.3285031 -0.11799959
1.3308179 -0.0029532581
1.3375886 -0.030695307
1.3395879 -0.066778614
1.3412634 -0.099273109
1.3439075 -0.016434401
1.3461946 0.044486819
1.34721 -0.039024887
1.3509913 -0.044179035
1.3554105 -0.040691201
1.3560867 -0.026768042
1.3563619 -0.016523879
1.3589263 -0.030972109
1.3624614 -0.062124852
1.3666246 -0.047169671
1.3677872 -0.041811258
1.3694679 -0.020752657
1.371696 -0.092773917
1.375442 -0.0010485411
1.3779762 -0.058962097
1.3783936 -0.048026006
1.3790632 -0.032912351
1.3799999 -0.0093214722
1.3804017 -0.049065772
1.3823048 -0.048629166
1.391307 0.012799047
1.3914877 -0.034636064
1.395652 -0.039477219
1.3975289 0.059917926
1.3983238 0.024432273
1.3997161 -0.085837475
1.4040195 -0.15792192
1.405122 -0.050180207
1.4059057 -0.07004138
1.4097876 -0.045866041
1.4126695 -0.043014009
1.4175648 0.00033721462
1.4208648 0.039578178
1.4254918 -0.096499855
1.426027 0.043475201
1.4263857 0.056375791
1.4282038 -0.0076342104
1.4287866 0.075063172
1.4300922 0.041323828
1.4364166 0.039347751
1.4440743 -0.013735921
1.4440748 0.091062093
1.4453128 0.025297001
1.452561 0.12795897
1.4527218 0.0098863161
1.457334 -0.00074449737
1.4586862 -0.04226696
1.4645517 -0.072743241
1.4653212 -0.040287599
1.4679691 0.015416882
1.4705943 0.024433323
1.4713339 -0.079082689
1.4736046 -0.032103199
1.4755995 0.025064266
1.4774873 -0.043214375
1.4789949 -0.1268372
1.4824805 0.0063387703
1.4851343 0.028263703
1.4859919 -0.047201706
1.4873328 -0.085808829
1.4909279 -0.091841999
1.4946195 -0.023888831
1.4991911 -0.075959824
1.5041146 -0.091778865
1.5062602 0.0032477344
1.5068299 -0.062421921
1.5093348 -0.048366627
1.5123947 -0.095813991
1.5137253 -0.11381776
1.5160745 -0.11694722
1.5188648 -0.10909256
1.5243336 -0.018344666
1.52492 -0.023310641
1.5252967 -0.001184095
1.5292635 0.011273936
1.5299936 -0.021250141
1.5316647 0.043463331
1.5455332 -0.03058701
1.546306 0.12520305
1.5467547 -0.025450362
1.5479438 -0.078278427
1.5499466 -0.043395727
1.5541633 -0.032388145
1.5542496 0.021861921
1.5571177 -0.052591583
1.56167 -0.092851576
1.5658551 -0.043105614
1.5701042 0.0092026053
1.5753311 -0.019161739
1.5761437 -0.08323537
1.5809057 -0.021560175
1.5827881 0.040955985
1.5839126 -0.11317793
1.5850336 -0.11141614
1.5898704 -0.12518194
1.590007 -0.035730798
1.5948548 0.056223103
1.5952874 0.0063655075
1.5972742 -0.04091289
1.6033386 -0.11977722
1.6040501 -0.09588246
1.6093239 -0.050397898
1.6124563 -0.0024887485
1.6149896 -0.020543445
1.619253 0.0020287884
1.621672 0.015948841
1.6289846 0.072056317
1.6293102 -0.058238202
1.6300591 -0.026767587
1.6377819 -0.023638128
1.6435274 0.054877361
1.644012 0.044119908
1.6453106 -0.034841235
1.6490888 -0.021800304
1.6586892 0.045646307
1.6590376 -0.075255282
1.6629815 0.047332197
1.6641767 -0.026543878
1.6686191 0.052909114
1.6715167 -0.065805257
1.6780691 -0.10882797
1.6841158 -0.039951454
1.6844555 -0.11338108
1.6906904 0.12275555
1.6920384 0.10936986
1.6974691 0.055775669
1.698628 0.035673822
1.7027804 -0.046242665
1.7044833 -0.0041811795
1.71152 0.01134943
1.7163397 0.0099399792
1.7165894 0.0045108513
1.7186034 0.012062476
1.7207135 0.17759227
1.7227313 0.042600905
1.7281327 -0.035282946
1.7323736 0.0057459654
1.7382988 0.01874086
1.7384812 -0.087399221
1.7408943 -0.056478725
1.7416854 -0.17115893
1.744171 -0.039784649
1.7485113 0.049363622
1.7565009 0.093739168
1.7584585 -0.063102515
1.7605049 -0.25915618
1.7684153 -0.032677977
1.7698224 -0.060831355
1.7744109 -0.067630572
1.7767726 0.10016598
1.7772147 -0.01045857
1.7847324 -0.0018422835
1.7884609 -0.082845158
1.7925288 0.021541676
1.7952398 -0.13344717
1.7972955 0.18215252
1.8018484 -0.056891332
1.8102023 -0.10711286
1.8127358 -0.055074742
1.8179186 -0.036508865
1.8230481 -0.0088207213
1.8269036 0.055612562
1.8300311 0.051099938
1.8345174 0.025108717
1.8377117 0.014499194
1.8379805 -0.037081123
1.840682 0.094861729
1.8467594 -0.015178267
1.8515509 -0.032410259
1.8521071 -0.04912999
1.8568508 -0.032318302
1.8636069 -0.0028798506
1.8675358 -0.02733925
1.8701282 0.0020058933
1.8736283 -0.013102562
1.8737421 -0.039588031
1.878233 -0.017079762
1.878356 -0.054127014
1.8816047 -0.061761221
1.8831272 -0.11452107
1.8895583 -0.062947308
1.8971533 -0.012414691
1.9023065 -0.067892582
1.9091941 -0.040881382
1.9150628 -0.10198887
1.9163912 0.033299179
1.9228163 -0.011393694
1.9352188 0.019951273
1.9376282 -0.1142658
1.9392916 0.066935203
1.9433386 -0.023679914
1.9449127 -0.077768432
1.9469105 -0.023757582
1.953399 -0.061242736
1.9565028 -0.024822824
1.9566749 -0.068994688
1.9609332 -0.10898811
1.9652624 -0.15628871
1.9693662 0.075215576
1.9754514 0.016613711
1.9827836 -0.091969407
1.98881 0.056671924
1.9898521 -0.038157765
1.9933054 -0.12140332
1.9957632 -0.10820159
1.9984694 -0.11989757
2.0024144 0.16518041
2.003855 -0.038604923
2.0085426 0.038720514
2.0150075 0.012188083
2.0215113 0.1688002
2.0261498 0.12672467
2.0384967 -0.099029677
2.039917 -0.016937861
2.0462379 0.16050234
2.0491614 -0.089692374
2.0596238 -0.099928772
2.0666512 -0.12449454
2.0712061 -0.062804174
2.0771693 0.075476456
2.0801776 -0.086462453
2.0852281 0.068294382
2.0885571 0.044562177
2.0962421 -0.12071082
2.1002622 -0.093393864
2.1021036 -0.0067074137
2.1046447 0.057532516
2.1144711 -0.18727015
2.1173248 -0.23336742
2.1228564 0.042966661
2.1325291 -0.21429482
2.1332587 -0.012856553
2.1373229 0.15447137
2.1460527 -0.042239295
2.1566664 -0.16728072
2.1629797 -0.059927438
2.1756361 0.039894385
2.1780231 0.044739837
2.1832775 -0.12519544
2.1876047 0.055361614
2.1892011 -0.059063517
2.1906867 -0.042821106
2.1951446 0.0042574613
2.204496 0.03717984
2.2054171 -0.15112686
2.2144097 -0.0430592
2.2231836 0.09361071
2.2343152 -0.11911558
2.2366776 -0.013389201
2.2420633 -0.037631606
2.2452358 -0.15347236
2.2492174 0.095127512
2.2591187 0.16094675
2.2593377 0.15317137
2.262625 0.062722671
2.272358 0.1633236
2.2733812 -0.060252182
2.283301 -0.16668225
2.2946062 -0.11307592
2.2993276 0.040979356
2.3058686 -0.16654091
2.3253754 -0.041833999
2.3336813 -0.10165656
2.3419007 -0.040324908
2.3446888 -0.062150889
2.351132 -0.061363225
2.353978 0.0094240943
2.3653811 0.0060179593
2.3728903 -0.060863585
2.3800925 -0.05318212
2.3836841 0.042624736
2.3850667 -0.056618706
2.3919606 -0.1277996
2.3986796 -0.040604001
2.4012722 -0.049766053
2.4105159 -0.14497739
2.4179333 -0.0067890721
2.4299271 -0.0082938089
2.4433197 0.20941949
2.4438222 -0.0029717487
2.4616445 0.12986915
2.4698357 0.093890252
2.4915967 -0.0062944972
2.4977557 0.0071826635
2.5029983 -0.31416051
2.5113643 -0.020892107
2.5122735 -0.10105696
2.5182593 -0.25003713
2.522727 -0.050661662
2.5478635 -0.26847065
2.5768728 -0.022957939
2.5792173 0.17711308
2.5850752 0.2617087
2.596969 -0.037705567
2.6043484 -0.098047068
2.6063556 0.1948244
2.6120961 0.011878987
2.6220608 -0.27274587
2.6449905 0.036053333
2.6493556 0.091703468
2.6787391 0.10993418
2.6933157 0.0059487355
2.7030803 0.20494757
2.7253831 -0.072680198
2.7279795 0.036683188
2.7284556 -0.00081201442
2.7413701 -0.059495088
2.7542343 -0.058581561
2.7590126 -0.39926678
2.7788557 -0.0014068528
2.8111507 0.076268384
2.816685 -0.057614176
2.8174796 0.023954088
2.8321838 -0.16663906
2.8802936 0.063734882
2.8859988 -0.18887317
2.8889553 -0.11658037
2.9128287 -0.075727087
2.9526815 -0.09182144
2.9687333 0.003672316
2.9727503 0.070524319
2.9818642 0.019504292
3.0062895 -0.28487989
3.0417241 0.12126859
3.080162 -0.066649847
3.0926971 -0.30305629
3.096772 0.084481743
3.1335714 0.3265324
3.1926607 -0.020582109
3.2047627 0.13696678
3.2071106 0.12590631
3.2438481 -0.048576326
3.3348482 -0.12671826
3.3375656 -0.13106773
3.46785 -0.015376793
3.4700822 -0.027803191
3.5919259 0.027798097
3.5935406 0.02218798
3.9146697 -0.6136822
3.9844412 0.59787938

