0 0.99999999
0.010090406 1.0001506
0.01018163 1.0001533
0.010273678 1.000156
0.010366558 1.0001589
0.010460279 1.0001618
0.010554846 1.0001648
0.010650268 1.0001677
0.010746553 1.0001708
0.010843709 1.0001739
0.010941743 1.000177
0.011040663 1.0001803
0.011140477 1.0001835
0.011241194 1.0001868
0.011342822 1.0001902
0.011445368 1.0001937
0.011548841 1.0001973
0.01165325 1.0002008
0.011758602 1.0002045
0.011864907 1.0002082
0.011972174 1.0002119
0.01208041 1.0002158
0.012189624 1.0002197
0.012299826 1.0002237
0.012411024 1.0002278
0.012523227 1.0002319
0.012636445 1.0002361
0.012750686 1.0002404
0.01286596 1.0002448
0.012982277 1.0002492
0.013099645 1.0002538
0.013218073 1.0002584
0.013337573 1.0002631
0.013458153 1.0002678
0.013579823 1.0002727
0.013702593 1.0002776
0.013826473 1.0002827
0.013951473 1.0002878
0.014077603 1.000293
0.014204873 1.0002983
0.014333294 1.0003038
0.014462876 1.0003093
0.014593629 1.0003149
0.014725565 1.0003207
0.014858693 1.0003265
0.014993025 1.0003324
0.015128571 1.0003384
0.015265343 1.0003446
0.015403351 1.0003508
0.015542607 1.0003572
0.015683122 1.0003637
0.015824907 1.0003703
0.015967974 1.000377
0.016112334 1.0003838
0.016258 1.0003909
0.016404982 1.000398
0.016553294 1.0004052
0.016702946 1.0004126
0.016853951 1.00042
0.017006321 1.0004277
0.017160069 1.0004354
0.017315206 1.0004433
0.017471747 1.0004513
0.017629702 1.0004596
0.017789085 1.0004679
0.01794991 1.0004765
0.018112188 1.0004851
0.018275934 1.0004939
0.018441159 1.0005028
0.018607879 1.000512
0.018776106 1.0005213
0.018945853 1.0005307
0.019117136 1.0005404
0.019289967 1.0005503
0.01946436 1.0005602
0.01964033 1.0005704
0.019817891 1.0005808
0.019997057 1.0005913
0.020177842 1.000602
0.020360263 1.000613
0.020544332 1.0006241
0.020730066 1.0006354
0.020917478 1.000647
0.021106585 1.0006587
0.021297402 1.0006707
0.021489944 1.0006828
0.021684226 1.0006952
0.021880265 1.0007079
0.022078076 1.0007207
0.022277676 1.0007339
0.02247908 1.0007472
0.022682305 1.0007608
0.022887367 1.0007745
0.023094283 1.0007887
0.02330307 1.000803
0.023513744 1.0008176
0.023726323 1.0008324
0.023940823 1.0008475
0.024157263 1.0008629
0.02437566 1.0008786
0.024596031 1.0008945
0.024818395 1.0009108
0.025042768 1.0009273
0.02526917 1.0009441
0.025497619 1.0009613
0.025728134 1.0009787
0.025960732 1.0009965
0.026195433 1.0010146
0.026432256 1.001033
0.02667122 1.0010518
0.026912345 1.0010709
0.027155649 1.0010903
0.027401153 1.0011101
0.027648876 1.0011303
0.02789884 1.0011508
0.028151062 1.0011717
0.028405565 1.001193
0.028662369 1.0012147
0.028921495 1.0012368
0.029182963 1.0012592
0.029446796 1.001282
0.029713013 1.0013053
0.029981637 1.001329
0.03025269 1.0013532
0.030526193 1.0013778
0.030802168 1.0014028
0.031080639 1.0014283
0.031361628 1.0014542
0.031645156 1.0014806
0.031931248 1.0015075
0.032219926 1.0015348
0.032511215 1.0015627
0.032805136 1.0015911
0.033101715 1.00162
0.033400975 1.0016494
0.033702941 1.0016794
0.034007636 1.0017099
0.034315086 1.001741
0.034625316 1.0017725
0.03493835 1.0018048
0.035254215 1.0018375
0.035572935 1.0018709
0.035894536 1.0019048
0.036219045 1.0019394
0.036546488 1.0019747
0.036876891 1.0020105
0.037210281 1.002047
0.037546685 1.0020842
0.03788613 1.002122
0.038228645 1.0021605
0.038574255 1.0021998
0.038922991 1.0022397
0.039274879 1.0022804
0.039629948 1.0023218
0.039988227 1.002364
0.040349746 1.002407
0.040714533 1.0024506
0.041082617 1.0024951
0.04145403 1.0025404
0.0418288 1.0025866
0.042206958 1.0026335
0.042588535 1.0026814
0.042973562 1.0027301
0.04336207 1.0027796
0.04375409 1.00283
0.044149654 1.0028814
0.044548794 1.0029337
0.044951543 1.002987
0.045357933 1.0030413
0.045767997 1.0030964
0.046181768 1.0031527
0.04659928 1.0032099
0.047020567 1.0032683
0.047445662 1.0033276
0.0478746 1.003388
0.048307416 1.0034495
0.048744145 1.0035121
0.049184823 1.0035759
0.049629484 1.0036409
0.050078165 1.0037069
0.050530903 1.0037742
0.050987734 1.0038427
0.051448695 1.0039125
0.051913823 1.0039836
0.052383156 1.0040558
0.052856732 1.0041295
0.05333459 1.0042044
0.053816768 1.0042807
0.054303305 1.0043585
0.054794241 1.0044376
0.055289615 1.0045182
0.055789467 1.0046002
0.056293839 1.0046837
0.05680277 1.0047687
0.057316302 1.0048553
0.057834477 1.0049434
0.058357337 1.0050332
0.058884924 1.0051245
0.05941728 1.0052176
0.059954449 1.0053122
0.060496475 1.0054087
0.0610434 1.0055069
0.061595271 1.0056068
0.06215213 1.0057086
0.062714024 1.0058122
0.063280998 1.0059178
0.063853097 1.0060251
0.064430369 1.0061345
0.06501286 1.0062458
0.065600616 1.0063592
0.066193687 1.0064746
0.066792119 1.0065921
0.067395961 1.0067117
0.068005263 1.0068336
0.068620072 1.0069576
0.069240441 1.0070839
0.069866417 1.0072124
0.070498053 1.0073434
0.071135399 1.0074766
0.071778508 1.0076123
0.07242743 1.0077504
0.073082219 1.0078911
0.073742928 1.0080343
0.074409609 1.0081801
0.075082319 1.0083285
0.075761109 1.0084796
0.076446037 1.0086335
0.077137157 1.0087902
0.077834525 1.0089497
0.078538197 1.009112
0.079248231 1.0092774
0.079964684 1.0094457
0.080687615 1.0096171
0.081417081 1.0097915
0.082153142 1.0099692
0.082895858 1.0101501
0.083645288 1.0103342
0.084401493 1.0105217
0.085164535 1.0107126
0.085934475 1.0109069
0.086711377 1.0111047
0.087495301 1.0113062
0.088286313 1.0115113
0.089084476 1.0117202
0.089889855 1.0119327
0.090702516 1.0121492
0.091522523 1.0123695
0.092349943 1.0125939
0.093184844 1.0128223
0.094027293 1.0130549
0.094877358 1.0132916
0.095735109 1.0135327
0.096600614 1.0137781
0.097473943 1.0140279
0.098355168 1.0142823
0.09924436 1.0145413
0.10014159 1.014805
0.10104693 1.0150734
0.10196046 1.0153467
0.10288225 1.015625
0.10381237 1.0159083
0.10475089 1.0161967
0.10569791 1.0164903
0.10665348 1.0167893
0.1076177 1.0170936
0.10859063 1.0174035
0.10957235 1.017719
0.11056296 1.0180401
0.11156251 1.0183672
0.11257111 1.0187001
0.11358882 1.019039
0.11461573 1.019384
0.11565193 1.0197354
0.1166975 1.020093
0.11775252 1.0204571
0.11881707 1.0208278
0.11989125 1.0212052
0.12097514 1.0215895
0.12206883 1.0219806
0.12317241 1.0223789
0.12428597 1.0227842
0.12540959 1.023197
0.12654337 1.0236173
0.1276874 1.024045
0.12884177 1.0244805
0.13000658 1.024924
0.13118192 1.0253754
0.13236789 1.0258349
0.13356458 1.0263028
0.13477209 1.0267791
0.13599051 1.0272641
0.13721995 1.0277577
0.1384605 1.0282603
0.13971227 1.0287719
0.14097536 1.0292927
0.14224986 1.029823
0.14353589 1.0303628
0.14483354 1.0309125
0.14614293 1.0314719
0.14746415 1.0320415
0.14879732 1.0326214
0.15014254 1.0332116
0.15149992 1.0338126
0.15286957 1.0344244
0.15425161 1.0350472
0.15564614 1.0356812
0.15705328 1.0363266
0.15847314 1.0369837
0.15990583 1.0376526
0.16135148 1.0383335
0.1628102 1.0390268
0.1642821 1.0397325
0.16576732 1.0404509
0.16726596 1.0411822
0.16877814 1.0419267
0.170304 1.0426845
0.17184366 1.043456
0.17339723 1.0442414
0.17496485 1.0450408
0.17654664 1.0458547
0.17814273 1.0466833
0.17975325 1.0475267
0.18137833 1.0483852
0.18301811 1.0492592
0.1846727 1.0501488
0.18634226 1.0510545
0.18802691 1.0519763
0.18972679 1.0529148
0.19144204 1.05387
0.19317279 1.0548425
0.1949192 1.0558324
0.19668139 1.0568399
0.19845951 1.0578657
0.20025371 1.0589097
0.20206412 1.0599725
0.20389091 1.0610543
0.20573421 1.0621554
0.20759418 1.0632764
0.20947096 1.0644173
0.2113647 1.0655787
0.21327557 1.0667608
0.21520372 1.0679641
0.21714929 1.069189
0.21911246 1.0704357
0.22109337 1.0717047
0.22309219 1.0729964
0.22510908 1.0743111
0.22714421 1.0756493
0.22919773 1.0770115
0.23126982 1.0783978
0.23336065 1.0798089
0.23547037 1.0812452
0.23759917 1.0827071
0.23974721 1.0841951
0.24191468 1.0857095
0.24410174 1.0872509
0.24630857 1.0888198
0.24853535 1.0904165
0.25078227 1.0920417
0.25304949 1.0936957
0.25533722 1.0953792
0.25764562 1.0970926
0.2599749 1.0988364
0.26232524 1.1006111
0.26469682 1.1024174
0.26708984 1.1042556
0.2695045 1.1061265
0.27194099 1.1080304
0.27439951 1.1099682
0.27688025 1.1119402
0.27938342 1.1139471
0.28190922 1.1159895
0.28445785 1.118068
0.28702953 1.1201832
0.28962445 1.1223358
0.29224284 1.1245263
0.29488489 1.1267555
0.29755084 1.1290241
0.30024088 1.1313326
0.30295525 1.1336817
0.30569415 1.1360722
0.30845782 1.1385047
0.31124647 1.14098
0.31406033 1.1434987
0.31689963 1.1460617
0.3197646 1.1486696
0.32265547 1.1513234
0.32557247 1.1540236
0.32851585 1.156771
0.33148584 1.1595666
0.33448268 1.162411
0.33750661 1.1653051
0.34055788 1.1682498
0.34363673 1.1712458
0.34674342 1.1742941
0.3498782 1.1773955
0.35304132 1.1805508
0.35623303 1.1837611
0.3594536 1.1870271
0.36270328 1.1903498
0.36598234 1.1937302
0.36929105 1.1971692
0.37262967 1.2006678
0.37599848 1.2042268
0.37939774 1.2078474
0.38282773 1.2115306
0.38628873 1.2152773
0.38978102 1.2190885
0.39330488 1.2229655
0.3968606 1.2269091
0.40044847 1.2309204
0.40406877 1.2350006
0.40772181 1.2391508
0.41140786 1.2433721
0.41512725 1.2476655
0.41888026 1.2520324
0.42266719 1.2564738
0.42648837 1.2609909
0.43034409 1.2655849
0.43423467 1.270257
0.43816042 1.2750085
0.44212166 1.2798406
0.44611871 1.2847546
0.45015191 1.2897516
0.45422156 1.2948331
0.458328 1.3000003
0.46247157 1.3052545
0.4666526 1.3105971
0.47087143 1.3160295
0.4751284 1.3215529
0.47942386 1.3271688
0.48375815 1.3328786
0.48813163 1.3386836
0.49254464 1.3445853
0.49699755 1.3505853
0.50149072 1.3566848
0.5060245 1.3628854
0.51059928 1.3691885
0.51521541 1.3755957
0.51987328 1.3821086
0.52457326 1.3887285
0.52931573 1.3954571
0.53410107 1.4022959
0.53892968 1.4092465
0.54380194 1.4163106
0.54871824 1.4234896
0.553679 1.4307852
0.5586846 1.4381989
0.56373546 1.4457326
0.56883198 1.4533878
0.57397457 1.4611661
0.57916366 1.4690693
0.58439966 1.4770989
0.58968299 1.4852568
0.59501409 1.4935446
0.60039339 1.501964
0.60582132 1.5105168
0.61129832 1.5192046
0.61682484 1.5280292
0.62240132 1.5369924
0.62802821 1.5460958
0.63370598 1.5553413
0.63943508 1.5647306
0.64521597 1.5742654
0.65104912 1.5839475
0.65693501 1.5937787
0.66287411 1.6037608
0.6688669 1.6138954
0.67491388 1.6241845
0.68101552 1.6346296
0.68717232 1.6452326
0.69338479 1.6559952
0.69965342 1.6669192
0.70597872 1.6780064
0.7123612 1.6892584
0.71880139 1.7006769
0.7252998 1.7122638
0.73185697 1.7240205
0.73847341 1.7359489
0.74514967 1.7480506
0.75188628 1.7603272
0.7586838 1.7727804
0.76554278 1.7854117
0.77246376 1.7982228
0.77944731 1.8112151
0.786494 1.8243903
0.79360439 1.8377497
0.80077907 1.8512949
0.80801861 1.8650273
0.8153236 1.8789482
0.82269464 1.8930589
0.83013231 1.9073609
0.83763722 1.9218553
0.84520998 1.9365434
0.8528512 1.9514263
0.86056151 1.966505
0.86834152 1.9817807
0.87619187 1.9972543
0.88411319 2.0129268
0.89210612 2.0287989
0.90017131 2.0448715
0.90830942 2.0611452
0.9165211 2.0776206
0.92480702 2.0942984
0.93316785 2.1111789
0.94160427 2.1282625
0.95011696 2.1455495
0.95870661 2.16304
0.96737391 2.1807341
0.97611957 2.1986318
0.9849443 2.2167329
0.99384881 2.2350371
1.0028338 2.253544
1.0119001 2.2722531
1.0210483 2.2911637
1.0302792 2.3102752
1.0395935 2.3295863
1.0489921 2.3490962
1.0584757 2.3688035
1.0680449 2.3887069
1.0777007 2.4088048
1.0874438 2.4290955
1.097275 2.4495771
1.107195 2.4702474
1.1172048 2.4911041
1.127305 2.5121449
1.1374965 2.5333671
1.1477802 2.5547676
1.1581568 2.5763436
1.1686273 2.5980916
1.1791924 2.6200082
1.1898531 2.6420894
1.2006101 2.6643315
1.2114643 2.68673
1.2224167 2.7092806
1.2334681 2.7319785
1.2446194 2.7548186
1.2558716 2.7777957
1.2672254 2.8009042
1.2786819 2.8241384
1.290242 2.8474921
1.3019066 2.8709588
1.3136767 2.8945319
1.3255531 2.9182045
1.3375369 2.9419691
1.3496291 2.9658182
1.3618306 2.9897439
1.3741424 3.0137378
1.3865655 3.0377915
1.3991009 3.061896
1.4117496 3.086042
1.4245127 3.1102201
1.4373912 3.1344202
1.4503861 3.1586322
1.4634985 3.1828454
1.4767295 3.207049
1.49008 3.2312316
1.5035513 3.2553815
1.5171443 3.279487
1.5308602 3.3035354
1.5447002 3.3275144
1.5586652 3.3514107
1.5727565 3.3752112
1.5869752 3.398902
1.6013224 3.4224692
1.6157994 3.4458985
1.6304072 3.4691751
1.6451471 3.492284
1.6600203 3.5152099
1.6750279 3.5379373
1.6901712 3.56045
1.7054514 3.5827322
1.7208697 3.6047669
1.7364275 3.6265379
1.7521258 3.6480277
1.7679661 3.6692193
1.7839497 3.6900951
1.8000777 3.7106375
1.8163515 3.7308283
1.8327724 3.7506496
1.8493418 3.770083
1.866061 3.7891102
1.8829314 3.8077124
1.8999543 3.8258708
1.917131 3.8435669
1.9344631 3.8607815
1.9519518 3.8774957
1.9695987 3.8936905
1.9874051 3.9093468
2.0053725 3.9244455
2.0235023 3.9389676
2.041796 3.9528942
2.0602551 3.9662062
2.0788811 3.9788848
2.0976755 3.9909111
2.1166398 4.0022668
2.1357755 4.0129331
2.1550842 4.0228919
2.1745675 4.0321251
2.194227 4.0406147
2.2140642 4.0483432
2.2340807 4.0552931
2.2542782 4.0614475
2.2746582 4.0667894
2.2952226 4.0713025
2.3159728 4.0749708
2.3369106 4.0777784
2.3580378 4.0797101
2.3793559 4.0807509
2.4008667 4.0808865
2.4225721 4.0801028
2.4444736 4.0783862
2.4665732 4.0757238
2.4888725 4.0721031
2.5113735 4.0675121
2.5340779 4.0619395
2.5569875 4.0553745
2.5801043 4.047807
2.60343 4.0392275
2.6269666 4.0296271
2.6507161 4.0189978
2.6746802 4.0073324
2.698861 3.9946244
2.7232603 3.9808681
2.7478803 3.9660587
2.7727228 3.9501926
2.79779 3.9332668
2.8230837 3.9152799
2.8486062 3.8962311
2.8743593 3.8761213
2.9003453 3.8549524
2.9265663 3.8327278
2.9530242 3.8094527
2.9797214 3.7851334
3.00666 3.7597783
3.033842 3.7333975
3.0612699 3.706003
3.0889456 3.6776092
3.1168716 3.6482326
3.1450501 3.617892
3.1734833 3.5866087
3.2021736 3.5544071
3.2311232 3.5213139
3.2603346 3.4873593
3.28981 3.4525764
3.3195519 3.4170017
3.3495627 3.3806751
3.3798449 3.3436404
3.4104008 3.3059448
3.4412329 3.2676395
3.4723438 3.2287799
3.503736 3.1894251
3.5354119 3.1496387
3.5673742 3.1094884
3.5996255 3.0690459
3.6321684 3.0283876
3.6650054 2.9875936
3.6981393 2.9467487
3.7315728 2.9059413
3.7653086 2.8652639
3.7993493 2.8248129
3.8336978 2.784688
3.8683568 2.7449924
3.9033291 2.7058324
3.9386177 2.6673166
3.9742252 2.6295565
4.0101547 2.5926653
4.046409 2.5567575
4.082991 2.5219491
4.1199038 2.4883563
4.1571503 2.4560953
4.1947335 2.425282
4.2326565 2.3960311
4.2709224 2.3684553
4.3095342 2.3426652
4.348495 2.3187682
4.3878081 2.2968683
4.4274766 2.2770649
4.4675038 2.2594526
4.5078928 2.2441201
4.5486469 2.2311501
4.5897695 2.2206181
4.6312639 2.2125917
4.6731334 2.2071306
4.7153814 2.204285
4.7580114 2.204096
4.8010268 2.206594
4.8444311 2.2117986
4.8882277 2.2197181
4.9324204 2.2303485
4.9770125 2.2436735
5.0220078 2.2596639
5.0674099 2.2782768
5.1132224 2.2994559
5.1594491 2.3231309
5.2060937 2.3492172
5.2531601 2.3776163
5.3006519 2.4082159
5.3485731 2.4408897
5.3969275 2.4754982
5.4457191 2.5118889
5.4949518 2.5498975
5.5446296 2.5893482
5.5947565 2.6300553
5.6453365 2.6718238
5.6963739 2.7144509
5.7478727 2.7577274
5.799837 2.8014388
5.8522711 2.845367
5.9051793 2.8892912
5.9585658 2.9329896
6.0124349 2.9762399
6.0667911 3.0188206
6.1216387 3.0605117
6.1769821 3.1010942
6.2328258 3.1403516
6.2891744 3.1780681
6.3460325 3.2140295
6.4034046 3.2480216
6.4612953 3.2798299
6.5197095 3.3092383
6.5786517 3.3360287
6.6381268 3.3599798
6.6981396 3.3808677
6.7586949 3.3984652
6.8197977 3.4125429
6.8814529 3.4228709
6.9436656 3.4292211
7.0064406 3.4313703
7.0697832 3.4291048
7.1336984 3.4222248
7.1981915 3.4105513
7.2632676 3.3939321
7.3289321 3.3722485
7.3951902 3.3454235
7.4620473 3.313428
7.5295089 3.2762885
7.5975803 3.2340929
7.6662671 3.1869955
7.735575 3.1352218
7.8055094 3.0790704
7.876076 3.0189137
7.9472807 2.9551985
8.019129 2.8884419
8.0916269 2.8192279
8.1647803 2.7482019
8.238595 2.6760623
8.313077 2.6035532
8.3882324 2.5314537
8.4640672 2.4605679
8.5405876 2.3917138
8.6177998 2.3257119
8.6957101 2.263373
8.7743247 2.2054872
8.8536501 2.1528115
8.9336926 2.1060592
9.0144587 2.0658882
9.095955 2.0328904
9.1781881 2.0075817
9.2611647 1.9903918
9.3448913 1.9816554
9.429375 1.981603
9.5146224 1.990354
9.6006405 2.0079092
9.6874362 2.0341462
9.7750167 2.0688151
9.8633889 2.1115374
9.9525601 2.161807
10.042537 2.218994
10.133328 2.282352
10.22494 2.3510297
10.31738 2.4240852
10.410655 2.5005046
10.504774 2.5792233
10.599744 2.65915
10.695572 2.7391907
10.792267 2.8182739
10.889835 2.8953727
10.988286 2.9695248
11.087627 3.0398466
11.187866 3.1055425
11.289011 3.1659085
11.391071 3.2203289
11.494053 3.2682698
11.597967 3.3092694
11.70282 3.3429274
11.80862 3.3688981
11.915378 3.3868877
12.0231 3.39666
12.131796 3.3980498
12.241475 3.3909851
12.352146 3.3755161
12.463817 3.3518462
12.576498 3.3203622
12.690197 3.2816561
12.804924 3.236536
12.920689 3.1860196
13.0375 3.1313117
13.155367 3.073764
13.2743 3.0148238
13.394308 2.9559759
13.515401 2.898685
13.637588 2.8443448
13.76088 2.7942383
13.885287 2.7495095
14.010819 2.7111446
14.137485 2.6799579
14.265297 2.6565765
14.394264 2.641419
14.524397 2.6346674
14.655707 2.6362346
14.788204 2.6457354
14.921898 2.6624678
15.056801 2.6854169
15.192924 2.713282
15.330278 2.7445316
15.468873 2.7774737
15.608721 2.8103353
15.749834 2.8413354
15.892222 2.8687444
16.035898 2.8909295
16.180872 2.9063905
16.327157 2.9138028
16.474765 2.9120792
16.623707 2.9004611
16.773996 2.8786351
16.925643 2.8468561
17.078661 2.8060492
17.233063 2.7578534
17.388861 2.7045811
17.546067 2.6490794
17.704694 2.5945029
17.864756 2.544028
18.026264 2.5005538
18.189233 2.4664408
18.353675 2.4433305
18.519603 2.4320728
18.687032 2.432762
18.855975 2.4448587
19.026444 2.4673525
19.198455 2.4989181
19.372021 2.5380239
19.547156 2.5829796
19.723875 2.6319347
19.902191 2.6828619
20.082119 2.7335646
20.263674 2.7817375
20.44687 2.8250926
20.631722 2.8615363
20.818246 2.8893744
21.006456 2.9075089
21.196367 2.9155932
21.387996 2.9141138
21.581356 2.9043799
21.776465 2.8884108
21.973338 2.8687296
22.171991 2.8480892
22.372439 2.8291685
22.5747 2.8142858
22.778789 2.8051753
22.984724 2.8028546
23.19252 2.8075964
23.402195 2.8189918
23.613765 2.8360785
23.827248 2.8574959
24.042661 2.8816241
24.260022 2.9066723
24.479348 2.930704
24.700656 2.9516234
24.923966 2.9671751
25.149294 2.9750269
25.376659 2.9729847
25.60608 2.9593639
25.837575 2.933487
26.071162 2.8962069
26.306862 2.8502733
26.544692 2.800334
26.784673 2.7524478
27.026823 2.7131579
27.271162 2.6883432
27.51771 2.6821157
27.766488 2.6959905
28.017514 2.728504
28.27081 2.7754181
28.526395 2.8305187
28.784292 2.8867673
29.04452 2.9373795
29.3071 2.9765556
29.572055 2.9999709
29.839404 3.0053202
30.109171 2.9929164
30.381377 2.9659031
30.656043 2.9296667
30.933193 2.8906275
31.212848 2.8550751
31.495032 2.8284491
31.779767 2.814777
32.067075 2.8158565
32.356982 2.8304761
32.649509 2.8545438
32.944681 2.8824367
33.242521 2.908732
33.543054 2.9291663
33.846304 2.9405844
34.152296 2.9406402
34.461054 2.928013
34.772603 2.9031389
35.086969 2.8688488
35.404177 2.8303704
35.724253 2.7946429
36.047222 2.7692359
36.373112 2.7610331
36.701947 2.7745338
37.033756 2.8098073
37.368564 2.8609953
37.706399 2.9168297
38.047288 2.9638039
38.391259 2.9907967
38.73834 2.9927074
39.088559 2.9712687
39.441944 2.933444
39.798524 2.8891991
40.158327 2.849289
40.521383 2.822729
40.887722 2.8148924
41.257372 2.8270434
41.630364 2.85586
42.006729 2.8928077
42.386496 2.9265203
42.769696 2.9482613
43.156361 2.9550957
43.546521 2.948207
43.940209 2.9298909
44.337455 2.9025415
44.738294 2.8701711
45.142756 2.8408936
45.550874 2.8263869
45.962682 2.8365449
46.378214 2.8729377
46.797501 2.9256232
47.22058 2.9758499
47.647483 3.0043363
48.078246 3.0000231
48.512903 2.9637563
48.95149 2.9069724
49.394042 2.8483109
49.840595 2.8085567
50.291185 2.8028482
50.745849 2.8329914
51.204623 2.885844
51.667544 2.9391423
52.134651 2.9709806
52.605981 2.9690549
53.081571 2.9361758
53.561462 2.8883238
54.045691 2.8457529
54.534297 2.8260159
55.027321 2.8399205
55.524803 2.8836276
56.026781 2.9369136
56.533298 2.9736583
57.044394 2.9749204
57.560111 2.9411393
58.08049 2.8919439
58.605574 2.8513369
59.135405 2.8374353
59.670026 2.8554764
60.20948 2.8924313
60.753811 2.9261752
61.303063 2.9413327
61.857281 2.9355999
62.416509 2.9161326
62.980793 2.8938573
63.550179 2.8822001
64.124712 2.8906045
64.704439 2.9158628
65.289408 2.9427714
65.879665 2.9540137
66.475258 2.9415386
67.076235 2.9131767
67.682646 2.8902826
68.294539 2.8912289
68.911965 2.9198255
69.534972 2.9607727
70.163611 2.9859358
70.797934 2.9741297
71.437991 2.9329944
72.083835 2.8942878
72.735517 2.8811237
73.393092 2.8949428
74.056611 2.9213344
74.726129 2.9417403
75.401699 2.945309
76.083378 2.9318456
76.771219 2.9135109
77.465278 2.9115399
78.165613 2.9333465
78.872278 2.9604695
79.585333 2.9619595
80.304834 2.9329593
81.030839 2.9033294
81.763408 2.9005382
82.5026 2.9312558
83.248475 2.9710225
84.001093 2.9830668
84.760515 2.958841
85.526803 2.9176046
86.300019 2.8938307
87.080224 2.9026344
87.867484 2.9309688
88.661861 2.9528525
89.463419 2.9544527
90.272224 2.9505831
91.088341 2.9637706
91.911836 2.9802803
92.742776 2.9787864
93.581229 2.9548751
94.427261 2.9246305
95.280942 2.9276294
96.142341 2.9556961
97.011528 2.9670636
97.888572 2.9462536
98.773546 2.9214141
99.66652 2.912481
100.56757 2.9211937
101.47676 2.9320907
102.39417 2.9324235
103.31988 2.9266038
104.25396 2.9355382
105.19648 2.9544777
106.14752 2.9648162
107.10716 2.9568703
108.07547 2.9438825
109.05254 2.9419863
110.03845 2.9454413
111.03326 2.9403097
112.03707 2.9428784
113.04996 2.9582361
114.072 2.9838568
115.10328 2.9871726
116.14389 2.9563448
117.1939 2.9372494
118.2534 2.9549605
119.32249 2.9829299
120.40124 2.9793692
121.48974 2.9589242
122.58808 2.9487882
123.69636 2.9621343
124.81465 2.9600176
125.94305 2.9268774
127.08165 2.9294146
128.23055 2.9643592
129.38983 2.9654091
130.5596 2.9429972
131.73994 2.933412
132.93095 2.9483891
134.13273 2.974757
135.34537 2.9754452
136.56898 2.9656865
137.80365 2.9663105
139.04948 2.9784174
140.30657 2.9505529
141.57503 2.9375597
142.85495 2.9770939
144.14645 2.9858116
145.44963 2.9604242
146.76458 2.9575404
148.09142 2.9782849
149.43026 2.9700734
150.78121 2.9603425
152.14436 2.9568963
153.51984 2.9448473
154.90776 2.9514789
156.30822 2.9915846
157.72134 2.9766596
159.14724 2.9631539
160.58603 2.9773348
162.03783 2.9528816
163.50275 2.9736906
164.98092 2.9971085
166.47245 2.9900626
167.97746 2.9837368
169.49608 2.9919425
171.02843 2.9932237
172.57464 2.9797636
174.13482 2.9851762
175.7091 2.9510161
177.29762 2.9566753
178.90051 2.9771005
180.51788 2.9777943
182.14987 2.9949009
183.79662 2.9763057
185.45825 2.948633
187.13491 2.9570757
188.82673 2.9725233
190.53384 2.9624288
192.25638 2.981367
193.9945 2.9804706
195.74833 2.969816
197.51802 2.9721276
199.3037 2.9745877
201.10553 2.9669311
202.92365 2.9903343
204.75821 2.9767288
206.60935 2.9574562
208.47723 2.9601631
210.36199 2.9914675
212.26379 3.0108043
214.18279 2.9756395
216.11914 2.9723588
218.07299 2.9851484
220.0445 2.980512
222.03384 2.9914407
224.04117 2.9586425
226.06664 2.9666865
228.11042 2.9655479
230.17268 2.9780188
232.25359 2.9857271
234.3533 2.9885274
236.472 2.9890904
238.60986 2.9922327
240.76704 2.9947428
242.94372 2.9630306
245.14008 2.9603931
247.3563 2.9945449
249.59256 2.9840484
251.84903 2.9709901
254.1259 2.9814728
256.42336 2.9829551
258.74158 2.9788304
261.08077 2.967944
263.4411 2.9679406
265.82277 2.9644686
268.22597 2.9905995
270.6509 2.9705055
273.09776 2.9683709
275.56673 2.9755966
278.05802 3.0002837
280.57184 2.9798468
283.10839 2.9664447
285.66786 2.9863373
288.25048 2.963903
290.85644 2.9479009
293.48596 2.9863823
296.13926 2.9860654
298.81654 2.9847774
301.51803 3.0075283
304.24394 3.004296
306.99449 3.0096116
309.76992 2.9492748
312.57043 2.9795668
315.39626 2.9858267
318.24764 2.9855699
321.12479 2.9819347
324.02796 2.9938784
326.95738 2.9806702
329.91327 2.9906417
332.8959 2.974742
335.90548 2.9808324
338.94228 2.9714861
342.00652 2.9892495
345.09848 3.0126669
348.21838 2.9913236
351.36649 2.9591205
354.54306 2.9714816
357.74835 2.9629967
360.98262 2.9722367
364.24613 2.9850797
367.53914 2.964143
370.86192 2.9909485
374.21474 2.9628962
377.59788 2.9810052
381.0116 2.9538478
384.45618 2.9993543
387.9319 2.9959433
391.43905 2.9787594
394.9779 2.9563724
398.54875 2.973363
402.15187 2.9959789
405.78758 2.9877177
409.45615 2.9746503
413.15789 2.9633325
416.89309 2.986573
420.66206 2.979368
424.46511 2.9823553
428.30254 2.9746516
432.17466 2.9817417
436.08179 2.9902706
440.02424 2.9875748
444.00233 2.993861
448.01639 2.9535891
452.06674 2.9835846
456.1537 2.95997
460.27761 2.9967471
464.43881 2.975469
468.63762 2.9846462
472.8744 2.9967115
477.14948 2.9879773
481.46321 2.9912892
485.81593 2.959218
490.20801 2.9831131
494.6398 2.9794414
499.11165 2.9664529
503.62393 3.0058937
508.177 2.9741432
512.77124 2.9758546
517.40701 2.9942527
522.08469 2.9948629
526.80466 2.9724441
531.5673 2.9674006
536.373 2.9732188
541.22215 2.9796384
546.11513 2.9424176
551.05235 2.9942874
556.03421 2.9620199
561.0611 2.9791302
566.13344 2.9923794
571.25164 2.9857585
576.41611 2.9819195
581.62727 2.9762101
586.88554 2.9732307
592.19135 2.975089
597.54513 2.98555
602.94731 2.9845822
608.39833 2.9663033
613.89863 2.9354051
619.44865 2.9928023
625.04885 2.9761026
630.69968 2.9830579
636.4016 2.9737877
642.15507 2.9834549
647.96055 2.9793686
653.81852 2.9918023
659.72944 2.9799015
665.69381 2.9814233
671.71209 2.9858651
677.78479 2.9668802
683.91238 2.9723981
690.09538 2.9714392
696.33427 2.9841522
702.62956 2.9752428
708.98177 3.0113586
715.39141 2.9693248
721.85899 2.9625369
728.38504 2.9879153
734.9701 2.9678077
741.61468 2.9885469
748.31934 2.9642105
755.08461 2.9880314
761.91105 2.9607617
768.7992 2.990203
775.74962 2.9796202
782.76288 2.9855587
789.83954 2.972116
796.98018 2.968826
804.18538 2.9768688
811.45572 2.9687356
818.79178 2.9696354
826.19417 2.993828
833.66348 2.9907517
841.20031 2.9467634
848.80529 2.990356
856.47901 2.9901239
864.22212 2.9906152
872.03522 2.9759642
879.91896 2.9656332
887.87398 2.9982615
895.90091 2.9594735
904.00041 2.9725078
912.17314 2.971597
920.41975 2.9913295
928.74091 2.9636642
937.13731 2.9666514
945.60961 2.9846606
954.15851 2.9762285
962.7847 2.9956219
971.48887 2.9739704
980.27174 2.9812371
989.134 2.9610678
998.07639 2.992955
1007.0996 2.9784944
1016.2044 2.99003
1025.3915 2.9714559
1034.6617 3.0133333
1044.0157 2.9968608
1053.4543 2.9900561
1062.9781 2.9786418
1072.5881 2.9990501
1082.285 2.9817664
1092.0695 2.9828095
1101.9425 2.9687755
1111.9047 2.9859674
1121.9571 2.995679
1132.1002 2.955394
1142.3351 2.9657146
1152.6626 2.9866599
1163.0833 2.9872803
1173.5983 2.9866744
1184.2084 3.0062676
1194.9144 2.9846098
1205.7171 3.0047889
1216.6176 2.9861455
1227.6166 2.9974004
1238.715 2.9870573
1249.9137 2.9825858
1261.2137 2.9898601
1272.6159 2.994023
1284.1211 2.9753375
1295.7304 2.9772009
1307.4446 2.9612645
1319.2647 2.9725062
1331.1917 2.9758027
1343.2265 2.9951755
1355.3701 2.9838222
1367.6235 2.9749275
1379.9876 2.9534152
1392.4636 2.9828132
1405.0523 2.9650244
1417.7549 2.9806763
1430.5722 2.9920064
1443.5055 2.9917246
1456.5557 2.9600506
1469.7239 2.979266
1483.0111 2.9865902
1496.4184 2.9880439
1509.947 2.9782405
1523.5978 2.9716702
1537.3721 2.9768511
1551.2709 2.9935526
1565.2954 2.9778982
1579.4466 2.9635867
1593.7258 2.998953
1608.1341 2.9769468
1622.6726 2.9651368
1637.3426 2.9639981
1652.1452 2.9715975
1667.0816 2.9785458
1682.153 2.9632014
1697.3607 2.9827696
1712.7059 2.9793067
1728.1899 2.9643121
1743.8138 2.9689055
1759.5789 2.9835174
1775.4866 2.961961
1791.5381 2.9904399
1807.7347 2.9888144
1824.0778 2.9821754
1840.5686 2.9778547
1857.2085 2.9558134
1873.9988 2.9937435
1890.9409 2.9699142
1908.0362 2.9790927
1925.286 2.9694577
1942.6918 2.9870491
1960.2549 3.0005077
1977.9769 3.0008462
1995.859 2.957292
2013.9028 2.9981789
2032.1097 2.9945999
2050.4813 2.9748024
2069.0189 2.9678668
2087.7241 2.9608113
2106.5984 2.9701465
2125.6434 2.9943545
2144.8605 2.9857084
2164.2514 2.9509426
2183.8176 2.9651182
2203.5607 2.9561222
2223.4822 3.004512
2243.5839 2.9570029
2263.8673 2.9829296
2284.334 2.9651831
2304.9858 2.9612236
2325.8243 2.9705399
2346.8512 2.9829906
2368.0682 2.9755454
2389.4771 2.9697764
2411.0794 3.0137998
2432.8771 2.9787521
2454.8718 2.9862774
2477.0654 2.955154
2499.4596 2.9696347
2522.0562 2.9689006
2544.8572 3.0131997
2567.8643 3.0004133
2591.0794 2.9703543
2614.5043 2.9907477
2638.1411 2.9650047
2661.9915 2.964495
2686.0576 2.9779954
2710.3412 2.9675402
2734.8444 2.9625832
2759.5691 2.989296
2784.5173 2.986709
2809.6911 2.9619348
2835.0924 2.9633019
2860.7234 2.9742548
2886.5861 2.9922609
2912.6827 2.973971
2939.0151 2.9791076
2965.5857 2.9674208
2992.3964 2.9833355
3019.4495 2.9918639
3046.7472 2.9815805
3074.2917 2.9708853
3102.0852 2.9970345
3130.13 2.9791242
3158.4283 2.9929922
3186.9825 3.0024485
3215.7948 3.0037584
3244.8676 2.9842804
3274.2032 2.9997718
3303.804 2.9521295
3333.6725 2.9602095
3363.8109 2.9712261
3394.2219 2.9699334
3424.9077 2.9784869
3455.871 2.992425
3487.1143 2.9906243
3518.6399 2.9700545
3550.4506 2.9688994
3582.5489 2.9805867
3614.9374 2.9755408
3647.6187 2.9715987
3680.5954 2.9935784
3713.8703 2.9768711
3747.446 2.9799874
3781.3252 2.9723567
3815.5107 2.9762464
3850.0053 2.9711704
3884.8118 2.9825538
3919.9329 2.9712424
3955.3715 2.9612428
3991.1305 2.9580139
4027.2128 3.007049
4063.6214 2.9782624
4100.359 2.9723048
4137.4288 2.9497961
4174.8337 3.0091172
4212.5768 2.9929051
4250.6611 2.9694446
4289.0898 2.9660026
4327.8658 2.9657637
4366.9924 2.9656839
4406.4727 2.9812774
4446.31 2.9756967
4486.5074 3.0008094
4527.0682 2.9624779
4567.9957 2.9935629
4609.2932 2.9608008
4650.9641 2.978305
4693.0117 2.9694991
4735.4395 2.9840436
4778.2508 2.9716451
4821.4491 2.9677329
4865.038 2.9820884
4909.021 2.9862319
4953.4016 2.9715233
4998.1834 2.9697546
5043.3701 3.007678
5088.9653 2.9680105
5134.9727 2.9517924
5181.3961 2.9913017
5228.2391 2.9749853
5275.5057 2.9583023
5323.1995 2.9652563
5371.3245 2.9845426
5419.8847 2.9959775
5468.8838 2.976988
5518.3259 2.9640889
5568.215 2.9740567
5618.5551 2.9724197
5669.3504 2.9896373
5720.6048 2.9813368
5772.3226 2.982768
5824.508 2.9755831
5877.1652 2.9813909
5930.2984 3.0127691
5983.912 2.9674769
6038.0103 2.9634398
6092.5977 2.9552614
6147.6785 2.9977615
6203.2574 2.9941067
6259.3387 2.980686
6315.927 3.0067613
6373.0269 2.9943123
6430.643 2.964703
6488.78 2.974273
6547.4426 2.993025
6606.6356 2.9731898
6666.3637 2.9675579
6726.6317 2.9720721
6787.4447 3.001432
6848.8074 2.9733245
6910.7249 2.9720165
6973.2021 2.9708223
7036.2442 2.9942847
7099.8562 2.9697977
7164.0433 2.9640523
7228.8108 2.9960815
7294.1637 2.9846855
7360.1075 2.9745039
7426.6474 2.9818166
7493.7889 2.9716745
7561.5374 2.9885581
7629.8984 2.9708069
7698.8775 2.9669242
7768.4801 2.9773065
7838.712 2.966153
7909.5788 2.982559
7981.0863 2.9803716
8053.2403 2.9816891
8126.0466 2.9948511
8199.5111 2.9944947
8273.6398 2.9702947
8348.4387 2.9698693
8423.9137 2.9768738
8500.0712 2.9767473
8576.9171 2.9644736
8654.4578 2.9688397
8732.6994 2.973797
8811.6485 2.9807988
8891.3112 3.005807
8971.6942 2.9792099
9052.8039 2.9551082
9134.6469 2.9599402
9217.2298 2.9728421
9300.5593 2.9456159
9384.6421 2.9652674
9469.4851 2.9617047
9555.0951 2.9847924
9641.4791 2.9821417
9728.6441 2.989681
9816.5971 2.968148
9905.3452 2.9903884
9994.8957 2.9718139
10085.256 2.9659411
10176.433 2.9747314
10268.434 2.9785435
10361.267 2.9748872
10454.939 2.9464558
10549.459 2.9858266
10644.832 2.9704236
10741.068 2.9432556
10838.174 2.9919663
10936.158 2.9875513
11035.028 2.9638521
11134.791 2.9869792
11235.456 2.9659645
11337.032 2.9832911
11439.526 2.9921232
11542.946 2.9877169
11647.302 2.9675906
11752.6 2.9793052
11858.851 2.9622768
11966.063 2.9843109
12074.243 2.9655334
12183.402 2.9590041
12293.548 2.9801865
12404.689 2.9874796
12516.835 3.0124206
12629.995 2.9785248
12744.178 2.9741696
12859.393 2.9965835
12975.65 2.976284
13092.958 3.0133325
13211.327 2.9625659
13330.765 2.9861168
13451.284 3.002073
13572.892 2.9586332
13695.599 2.9933139
13819.416 2.9698096
13944.352 2.9897232
14070.417 2.9443409
14197.623 2.9905508
14325.978 2.9644191
14455.494 2.966592
14586.18 2.9744005
14718.049 2.9599922
14851.109 2.9999877
14985.372 2.9848834
15120.849 2.9894967
15257.551 2.9828584
15395.489 2.9554179
15534.674 2.9768359
15675.117 2.9485751
15816.83 2.9822798
15959.824 2.983098
16104.11 2.9741972
16249.701 2.9830797
16396.609 2.9753911
16544.844 2.973283
16694.42 2.9765222
16845.348 2.9707632
16997.64 2.9815054
17151.31 2.9565902
17306.368 3.0033032
17462.828 2.9404001
17620.703 2.9721572
17780.005 2.9739518
17940.748 2.9760312
18102.943 2.9807581
18266.605 2.9938966
18431.747 2.9869813
18598.381 2.9713629
18766.522 2.9909982
18936.183 2.9835266
19107.378 2.9871547
19280.12 2.9894084
19454.425 2.9717163
19630.305 2.9884441
19807.775 2.9960462
19986.85 2.9738045
20167.543 2.9664238
20349.87 2.9808108
20533.846 2.9617289
20719.484 2.9659669
20906.801 2.9962025
21095.812 2.9599869
21286.531 2.98337
21478.975 2.9967013
21673.158 2.9884811
21869.097 2.9609777
22066.807 2.9972887
22266.305 2.9642859
22467.606 2.9775785
22670.727 2.9612176
22875.685 2.9961286
23082.495 2.9756442
23291.175 2.9633029
23501.742 2.9738772
23714.212 2.9891012
23928.603 2.98842
24144.933 2.9600293
24363.218 2.9699651
24583.477 2.9569311
24805.727 2.9683245
25029.986 3.0029987
25256.272 2.9864562
25484.605 2.9632706
25715.001 2.9861856
25947.481 3.0036241
26182.062 2.9752473
26418.765 2.9676003
26657.607 2.9716845
26898.608 2.9660374
27141.788 2.9633239
27387.167 2.9848271
27634.764 2.9599782
27884.599 2.9735693
28136.693 3.0209305
28391.066 2.963981
28647.739 2.9833934
28906.733 2.9554863
29168.068 2.9774205
29431.765 2.9692119
29697.847 2.987889
29966.334 2.9687361
30237.248 2.9684051
30510.611 2.9776437
30786.446 2.9726904
31064.775 2.9899542
31345.62 2.9951348
31629.004 2.9714733
31914.949 2.9568029
32203.48 2.9848702
32494.62 2.9647892
32788.391 2.9777864
33084.819 2.9809341
33383.926 2.9779168
33685.738 2.9852885
33990.278 2.9715924
34297.571 2.9730687
34607.642 3.0030889
34920.517 2.9858928
35236.22 2.9848302
35554.777 2.9855376
35876.215 2.9574239
36200.558 2.986349
36527.834 2.9878136
36858.068 2.9788359
37191.288 2.9853297
37527.52 2.9800186
37866.792 2.9923163
38209.132 2.9855857
38554.566 2.986769
38903.123 2.9673299
39254.832 2.9699222
39609.72 2.9661759
39967.816 2.982078
40329.15 2.9531144
40693.751 2.9666846
41061.648 2.9692991
41432.87 2.985091
41807.449 3.0036375
42185.415 2.9526746
42566.797 2.9912144
42951.627 2.970573
43339.937 2.9890878
43731.757 2.9643046
44127.119 2.9734865
44526.056 2.9696704
44928.599 2.994017
45334.781 2.962428
45744.636 2.9667355
46158.196 2.9788962
46575.495 2.9513084
46996.566 2.9497597
47421.444 2.9885712
47850.164 2.9973541
48282.759 2.9844817
48719.265 2.9505125
49159.717 2.9672217
49604.152 2.9571807
50052.604 2.9817616
50505.111 2.9855582
50961.708 2.9645686
51422.434 2.9593855
51887.325 2.9857839
52356.418 2.9596291
52829.753 2.9740559
53307.367 2.9733449
53789.299 2.9833718
54275.587 2.9890533
54766.272 2.9785548
55261.393 2.9747658
55760.991 2.9622863
56265.105 2.9648434
56773.776 2.9448392
57287.047 2.9989942
57804.957 2.9940599
58327.55 2.987497
58854.867 3.0016839
59386.952 2.9909006
59923.847 3.0003314
60465.596 2.9816011
61012.242 2.9837145
61563.831 2.960788
62120.406 2.9921039
62682.013 2.9382191
63248.698 2.9761814
63820.505 2.9941802
64397.482 2.960491
64979.675 2.9566482
65567.132 2.9877832
66159.9 2.9593634
66758.026 2.9887889
67361.56 2.9650776
67970.551 2.9701056
68585.047 2.9970414
69205.098 2.9795943
69830.755 2.9468782
70462.069 2.9764973
71099.09 2.9799497
71741.87 2.9774475
72390.461 2.9676414
73044.916 2.95492
73705.287 2.9799629
74371.629 2.9716642
75043.995 2.9830332
75722.439 3.0067162
76407.017 2.9785019
77097.784 2.9710763
77794.796 2.9874362
78498.109 2.9568521
79207.781 2.9614087
79923.868 2.9916348
80646.43 2.9909075
81375.524 2.9624343
82111.209 2.9574156
82853.545 2.9677308
83602.593 2.9919898
84358.412 2.9937767
85121.065 2.9723868
85890.612 2.9555088
86667.117 2.9702328
87450.641 3.0020742
88241.249 2.9862556
89039.005 2.9766682
89843.973 2.9737414
90656.219 2.9850678
91475.807 2.9604082
92302.805 2.9595965
93137.28 2.9685449
93979.299 2.958598
94828.93 2.9876589
95686.243 2.9706157
96551.306 2.9403907
97424.19 2.9740326
98304.965 2.9554817
99193.703 2.9743749
100090.48 2.9938781
100995.36 2.9751646
101908.42 2.9630098
102829.73 2.9519785
103759.38 2.9613922
104697.43 2.9879554
105643.96 2.9991317
106599.04 2.984477
107562.76 2.9705362
108535.2 2.964749
109516.42 2.9605631
110506.52 2.9677865
111505.57 2.9708978
112513.65 2.9964084
113530.84 2.9575913
114557.23 2.9742606
115592.9 2.984864
116637.93 3.0046109
117692.41 2.9950896
118756.42 2.9427592
119830.06 2.9780947
120913.39 2.9653343
122006.53 2.999244
123109.54 2.9450943
124222.53 2.970322
125345.58 2.981085
126478.78 2.9641386
127622.23 2.9492698
128776.01 2.937356
129940.22 2.9686043
131114.97 2.9770042
132300.33 2.9737318
133496.4 2.9836937
134703.29 2.9921973
135921.1 2.9984953
137149.91 2.9611935
138389.83 2.9520905
139640.96 2.9685648
140903.4 2.9776867
142177.25 2.9782775
143462.62 2.9960532
144759.61 2.9592444
146068.33 2.944134
147388.88 3.0016109
148721.37 2.9872199
150065.9 2.9828995
151422.59 2.975756
152791.54 2.987254
154172.87 2.974626
155566.69 2.987568
156973.11 2.9628624
158392.25 2.9691014
159824.21 2.9980832
161269.12 2.9634471
162727.1 3.0104919
164198.25 2.9885043
165682.7 2.9734641
167180.58 2.9943794
168691.99 2.9806343
170217.08 2.973425
171755.94 2.9647468
173308.72 2.980112
174875.54 2.9845245
176456.53 2.9630249
178051.8 2.9591657
179661.5 2.9873968
181285.75 2.9764407
182924.69 2.9707353
184578.44 2.967246
186247.15 2.9735868
187930.94 2.9802892
189629.95 2.9750675
191344.32 2.9914473
193074.19 2.9756886
194819.7 2.9763347
196581 2.976523
198358.21 2.9964956
200151.49 2.9662005
201960.98 2.9734779
203786.84 2.9804117
205629.2 2.9733063
207488.21 2.9548332
209364.04 2.9879682
211256.82 3.0002645
213166.71 2.988209
215093.87 2.9695103
217038.45 2.9550013
219000.61 2.9737492
220980.52 2.960049
222978.32 2.9878295
224994.18 2.9874582
227028.27 2.9789323
229080.74 2.9767072
231151.78 2.9990079
233241.53 2.9603998
235350.18 2.9765881
237477.89 2.9659456
239624.84 2.9843548
241791.2 2.984199
243977.14 2.9733517
246182.85 2.9701234
248408.49 2.9592906
250654.26 2.9704003
252920.33 2.9710679
255206.89 3.0011602
257514.12 2.9795212
259842.2 2.9711137
262191.34 2.9644092
264561.71 2.9730341
266953.51 2.9650986
269366.94 2.9827135
271802.18 2.9660704
274259.44 2.9488508
276738.92 2.9754707
279240.81 2.9774336
281765.32 2.9907911
284312.66 2.9759098
286883.02 2.9734784
289476.62 2.9813212
292093.67 2.9670828
294734.38 2.9789113
297398.96 2.9857753
300087.63 2.9768285
302800.61 2.9792759
305538.12 2.9605573
308300.37 3.0102081
311087.6 2.9578432
313900.02 2.9718086
316737.87 2.975525
319601.38 2.9621752
322490.78 2.9839501
325406.29 2.9890954
328348.17 2.9541973
331316.64 2.9712086
334311.95 2.9842388
337334.34 2.9757757
340384.05 2.9636814
343461.33 2.9620665
346566.44 2.9648698
349699.61 2.9803071
352861.11 2.9882703
356051.2 3.02586
359270.12 2.9959564
362518.15 2.985249
365795.54 2.9855665
369102.56 2.9845566
372439.47 2.9871905
375806.56 2.979392
379204.08 2.9671068
382632.32 2.9609878
386091.56 2.9462898
389582.06 2.9773099
393104.13 2.9912613
396658.03 2.9650744
400244.07 2.9907839
403862.52 2.9789795
407513.69 2.9690378
411197.87 2.9460902
414915.35 2.9780561
418666.45 2.9746783
422451.45 2.9588099
426270.68 2.9697765
430124.43 2.9662898
434013.02 2.9770169
437936.77 2.9654117
441895.99 2.9763645
445891 2.9758136
449922.14 2.9992946
453989.71 2.9746932
458094.06 2.9766368
462235.52 2.9889067
466414.41 2.950899
470631.09 2.9900668
474885.89 2.981126
479179.15 2.9994107
483511.23 2.9788648
487882.47 2.9887903
492293.23 2.98462
496743.87 2.9979652
501234.74 2.9844619
505766.21 2.9582641
510338.66 2.965025
514952.43 2.9655749
519607.92 3.0071982
524305.5 2.9865832
529045.55 2.9745163
533828.45 2.9620092
538654.59 2.9905403
543524.36 2.9743925
548438.16 2.9553673
553396.39 2.9821912
558399.43 2.9788456
563447.71 2.9972678
568541.63 2.9770436
573681.6 2.9730566
578868.04 2.98194
584101.36 2.974621
589382 2.9630639
594710.38 2.9711336
600086.93 2.9736566
605512.09 2.9866799
610986.3 2.9558038
616510 2.9733901
622083.63 2.9757689
627707.65 2.9793055
633382.52 2.9742365
639108.69 2.9655595
644886.63 2.9650506
650716.81 2.997436

