0 3.5881279e-27
0.010090406 0.00017206694
0.01018163 0.00017519215
0.010273678 0.0001783741
0.010366558 0.00018161385
0.010460279 0.00018491245
0.010554846 0.00018827096
0.010650268 0.00019169046
0.010746553 0.00019517207
0.010843709 0.00019871691
0.010941743 0.00020232614
0.011040663 0.00020600092
0.011140477 0.00020974243
0.011241194 0.00021355191
0.011342822 0.00021743058
0.011445368 0.00022137969
0.011548841 0.00022540052
0.01165325 0.00022949438
0.011758602 0.0002336626
0.011864907 0.00023790652
0.011972174 0.00024222752
0.01208041 0.00024662699
0.012189624 0.00025110638
0.012299826 0.00025566711
0.012411024 0.00026031068
0.012523227 0.00026503859
0.012636445 0.00026985236
0.012750686 0.00027475357
0.01286596 0.00027974379
0.012982277 0.00028482464
0.013099645 0.00028999778
0.013218073 0.00029526486
0.013337573 0.0003006276
0.013458153 0.00030608775
0.013579823 0.00031164707
0.013702593 0.00031730735
0.013826473 0.00032307043
0.013951473 0.00032893817
0.014077603 0.0003349125
0.014204873 0.00034099532
0.014333294 0.00034718863
0.014462876 0.0003534944
0.014593629 0.00035991472
0.014725565 0.00036645163
0.014858693 0.00037310726
0.014993025 0.00037988377
0.015128571 0.00038678336
0.015265343 0.00039380826
0.015403351 0.00040096073
0.015542607 0.00040824311
0.015683122 0.00041565775
0.015824907 0.00042320705
0.015967974 0.00043089346
0.016112334 0.00043871946
0.016258 0.0004466876
0.016404982 0.00045480046
0.016553294 0.00046306066
0.016702946 0.00047147086
0.016853951 0.00048003382
0.017006321 0.00048875228
0.017160069 0.00049762909
0.017315206 0.00050666711
0.017471747 0.00051586928
0.017629702 0.00052523857
0.017789085 0.00053477802
0.01794991 0.00054449071
0.018112188 0.0005543798
0.018275934 0.00056444849
0.018441159 0.00057470004
0.018607879 0.00058513777
0.018776106 0.00059576505
0.018945853 0.00060658535
0.019117136 0.00061760214
0.019289967 0.00062881902
0.01946436 0.0006402396
0.01964033 0.00065186759
0.019817891 0.00066370676
0.019997057 0.00067576093
0.020177842 0.00068803402
0.020360263 0.00070052999
0.020544332 0.00071325291
0.020730066 0.00072620688
0.020917478 0.0007393961
0.021106585 0.00075282485
0.021297402 0.00076649746
0.021489944 0.00078041839
0.021684226 0.00079459212
0.021880265 0.00080902325
0.022078076 0.00082371646
0.022277676 0.00083867649
0.02247908 0.00085390822
0.022682305 0.00086941654
0.022887367 0.00088520651
0.023094283 0.00090128322
0.02330307 0.00091765188
0.023513744 0.00093431781
0.023726323 0.00095128641
0.023940823 0.00096856308
0.024157263 0.00098615358
0.02437566 0.0010040635
0.024596031 0.0010222987
0.024818395 0.0010408649
0.025042768 0.0010597684
0.02526917 0.001079015
0.025497619 0.0010986113
0.025728134 0.0011185634
0.025960732 0.0011388778
0.026195433 0.0011595611
0.026432256 0.00118062
0.02667122 0.0012020613
0.026912345 0.001223892
0.027155649 0.001246119
0.027401153 0.0012687498
0.027648876 0.0012917914
0.02789884 0.0013152515
0.028151062 0.0013391375
0.028405565 0.0013634574
0.028662369 0.0013882188
0.028921495 0.0014134298
0.029182963 0.0014390987
0.029446796 0.0014652337
0.029713013 0.0014918431
0.029981637 0.0015189358
0.03025269 0.0015465205
0.030526193 0.0015746061
0.030802168 0.0016032016
0.031080639 0.0016323163
0.031361628 0.0016619597
0.031645156 0.0016921413
0.031931248 0.001722871
0.032219926 0.0017541587
0.032511215 0.0017860144
0.032805136 0.0018184486
0.033101715 0.0018514716
0.033400975 0.0018850943
0.033702941 0.0019193274
0.034007636 0.0019541821
0.034315086 0.0019896697
0.034625316 0.0020258016
0.03493835 0.0020625895
0.035254215 0.0021000453
0.035572935 0.0021381813
0.035894536 0.0021770095
0.036219045 0.0022165429
0.036546488 0.0022567939
0.036876891 0.0022977757
0.037210281 0.0023395016
0.037546685 0.002381985
0.03788613 0.0024252397
0.038228645 0.0024692798
0.038574255 0.0025141193
0.038922991 0.0025597729
0.039274879 0.0026062554
0.039629948 0.0026535817
0.039988227 0.0027017671
0.040349746 0.0027508275
0.040714533 0.0028007784
0.041082617 0.0028516361
0.04145403 0.0029034171
0.0418288 0.0029561381
0.042206958 0.0030098162
0.042588535 0.0030644687
0.042973562 0.0031201132
0.04336207 0.003176768
0.04375409 0.0032344511
0.044149654 0.0032931814
0.044548794 0.0033529778
0.044951543 0.0034138596
0.045357933 0.0034758465
0.045767997 0.0035389586
0.046181768 0.0036032162
0.04659928 0.0036686403
0.047020567 0.0037352518
0.047445662 0.0038030725
0.0478746 0.0038721241
0.048307416 0.003942429
0.048744145 0.00401401
0.049184823 0.0040868902
0.049629484 0.0041610931
0.050078165 0.0042366428
0.050530903 0.0043135636
0.050987734 0.0043918806
0.051448695 0.0044716189
0.051913823 0.0045528043
0.052383156 0.004635463
0.052856732 0.004719622
0.05333459 0.0048053082
0.053816768 0.0048925493
0.054303305 0.0049813736
0.054794241 0.00507181
0.055289615 0.0051638872
0.055789467 0.0052576355
0.056293839 0.0053530849
0.05680277 0.0054502663
0.057316302 0.005549211
0.057834477 0.0056499511
0.058357337 0.0057525192
0.058884924 0.0058569483
0.05941728 0.0059632721
0.059954449 0.0060715251
0.060496475 0.0061817422
0.0610434 0.0062939588
0.061595271 0.0064082115
0.06215213 0.0065245369
0.062714024 0.0066429727
0.063280998 0.0067635572
0.063853097 0.0068863291
0.064430369 0.0070113283
0.06501286 0.007138595
0.065600616 0.0072681702
0.066193687 0.0074000959
0.066792119 0.0075344147
0.067395961 0.0076711698
0.068005263 0.0078104054
0.068620072 0.0079521664
0.069240441 0.0080964986
0.069866417 0.0082434486
0.070498053 0.0083930636
0.071135399 0.0085453921
0.071778508 0.0087004831
0.07242743 0.0088583867
0.073082219 0.0090191538
0.073742928 0.0091828359
0.074409609 0.0093494862
0.075082319 0.0095191587
0.075761109 0.0096919083
0.076446037 0.009867789
0.077137157 0.010046859
0.077834525 0.010229176
0.078538197 0.010414798
0.079248231 0.010603786
0.079964684 0.010796198
0.080687615 0.010992101
0.081417081 0.011191553
0.082153142 0.011394621
0.082895858 0.01160137
0.083645288 0.011811866
0.084401493 0.012026178
0.085164535 0.012244374
0.085934475 0.012466525
0.086711377 0.012692701
0.087495301 0.012922976
0.088286313 0.013157424
0.089084476 0.01339612
0.089889855 0.013639142
0.090702516 0.013886566
0.091522523 0.014138474
0.092349943 0.014394946
0.093184844 0.014656064
0.094027293 0.014921912
0.094877358 0.015192575
0.095735109 0.015468143
0.096600614 0.0157487
0.097473943 0.01603434
0.098355168 0.016325152
0.09924436 0.016621232
0.10014159 0.016922674
0.10104693 0.017229573
0.10196046 0.01754203
0.10288225 0.017860145
0.10381237 0.018184019
0.10475089 0.018513757
0.10569791 0.018849463
0.10665348 0.019191247
0.1076177 0.019539218
0.10859063 0.019893487
0.10957235 0.020254167
0.11056296 0.020621374
0.11156251 0.020995227
0.11257111 0.021375845
0.11358882 0.02176335
0.11461573 0.022157866
0.11565193 0.022559519
0.1166975 0.022968437
0.11775252 0.023384753
0.11881707 0.023808599
0.11989125 0.02424011
0.12097514 0.024679426
0.12206883 0.025126684
0.12317241 0.025582031
0.12428597 0.02604561
0.12540959 0.02651757
0.12654337 0.026998062
0.1276874 0.027487239
0.12884177 0.027985258
0.13000658 0.028492277
0.13118192 0.029008457
0.13236789 0.029533965
0.13356458 0.030068968
0.13477209 0.030613635
0.13599051 0.031168141
0.13721995 0.031732663
0.1384605 0.03230738
0.13971227 0.032892475
0.14097536 0.033488136
0.14224986 0.03409455
0.14353589 0.034711912
0.14483354 0.035340417
0.14614293 0.035980267
0.14746415 0.036631662
0.14879732 0.037294812
0.15014254 0.037969926
0.15149992 0.038657219
0.15286957 0.039356909
0.15425161 0.040069219
0.15564614 0.040794373
0.15705328 0.041532602
0.15847314 0.042284141
0.15990583 0.043049226
0.16135148 0.043828101
0.1628102 0.044621011
0.1642821 0.045428208
0.16576732 0.046249947
0.16726596 0.047086487
0.16877814 0.047938094
0.170304 0.048805036
0.17184366 0.049687586
0.17339723 0.050586024
0.17496485 0.051500632
0.17654664 0.052431699
0.17814273 0.053379518
0.17975325 0.054344387
0.18137833 0.055326611
0.18301811 0.056326497
0.1846727 0.057344361
0.18634226 0.058380523
0.18802691 0.059435308
0.18972679 0.060509046
0.19144204 0.061602075
0.19317279 0.062714737
0.1949192 0.063847381
0.19668139 0.065000361
0.19845951 0.066174037
0.20025371 0.067368778
0.20206412 0.068584957
0.20389091 0.069822953
0.20573421 0.071083152
0.20759418 0.072365947
0.20947096 0.073671739
0.2113647 0.075000933
0.21327557 0.076353944
0.21520372 0.077731191
0.21714929 0.079133104
0.21911246 0.080560116
0.22109337 0.082012671
0.22309219 0.083491219
0.22510908 0.084996217
0.22714421 0.086528131
0.22919773 0.088087436
0.23126982 0.089674611
0.23336065 0.09129015
0.23547037 0.092934549
0.23759917 0.094608306
0.23974721 0.096311952
0.24191468 0.098046
0.24410174 0.099810981
0.24630857 0.10160744
0.24853535 0.10343594
0.25078227 0.10529702
0.25304949 0.10719126
0.25533722 0.10911924
0.25764562 0.11108154
0.2599749 0.11307876
0.26232524 0.11511152
0.26469682 0.11718043
0.26708984 0.11928612
0.2695045 0.12142922
0.27194099 0.12361039
0.27439951 0.12583029
0.27688025 0.12808958
0.27938342 0.13038895
0.28190922 0.13272909
0.28445785 0.13511072
0.28702953 0.13753454
0.28962445 0.14000126
0.29224284 0.14251166
0.29488489 0.14506646
0.29755084 0.14766644
0.30024088 0.15031237
0.30295525 0.15300503
0.30569415 0.15574524
0.30845782 0.15853379
0.31124647 0.16137153
0.31406033 0.16425929
0.31689963 0.16719791
0.3197646 0.17018827
0.32265547 0.17323125
0.32557247 0.17632775
0.32851585 0.17947866
0.33148584 0.18268491
0.33448268 0.18594744
0.33750661 0.1892672
0.34055788 0.19264516
0.34363673 0.19608229
0.34674342 0.19957959
0.3498782 0.20313807
0.35304132 0.20675876
0.35623303 0.2104427
0.3594536 0.21419095
0.36270328 0.21800456
0.36598234 0.22188466
0.36929105 0.22583232
0.37262967 0.22984869
0.37599848 0.23393489
0.37939774 0.23809207
0.38282773 0.24232142
0.38628873 0.24662412
0.38978102 0.25100138
0.39330488 0.25545442
0.3968606 0.25998448
0.40044847 0.26459282
0.40406877 0.26928072
0.40772181 0.27404947
0.41140786 0.27890039
0.41512725 0.2838348
0.41888026 0.28885406
0.42266719 0.29395953
0.42648837 0.2991526
0.43034409 0.30443468
0.43423467 0.30980719
0.43816042 0.31527157
0.44212166 0.32082927
0.44611871 0.3264818
0.45015191 0.33223064
0.45422156 0.33807732
0.458328 0.34402337
0.46247157 0.35007035
0.4666526 0.35621984
0.47087143 0.36247343
0.4751284 0.36883275
0.47942386 0.37529943
0.48375815 0.38187513
0.48813163 0.38856151
0.49254464 0.39536028
0.49699755 0.40227315
0.50149072 0.40930186
0.5060245 0.41644815
0.51059928 0.42371381
0.51521541 0.43110061
0.51987328 0.43861038
0.52457326 0.44624494
0.52931573 0.45400614
0.53410107 0.46189586
0.53892968 0.46991597
0.54380194 0.47806839
0.54871824 0.48635502
0.553679 0.49477783
0.5586846 0.50333875
0.56373546 0.51203978
0.56883198 0.52088289
0.57397457 0.52987011
0.57916366 0.53900346
0.58439966 0.54828498
0.58968299 0.55771672
0.59501409 0.56730076
0.60039339 0.57703919
0.60582132 0.5869341
0.61129832 0.59698761
0.61682484 0.60720187
0.62240132 0.61757897
0.62802821 0.62812112
0.63370598 0.63883043
0.63943508 0.6497091
0.64521597 0.66075931
0.65104912 0.67198325
0.65693501 0.6833831
0.66287411 0.69496109
0.6688669 0.70671942
0.67491388 0.7186603
0.68101552 0.73078595
0.68717232 0.7430986
0.69338479 0.75560046
0.69965342 0.76829377
0.70597872 0.78118072
0.7123612 0.79426356
0.71880139 0.80754449
0.7252998 0.82102571
0.73185697 0.83470944
0.73847341 0.84859786
0.74514967 0.86269315
0.75188628 0.87699748
0.7586838 0.89151301
0.76554278 0.90624186
0.77246376 0.92118618
0.77944731 0.93634803
0.786494 0.95172957
0.79360439 0.96733278
0.80077907 0.98315964
0.80801861 0.99921222
0.8153236 1.0154925
0.82269464 1.0320023
0.83013231 1.0487436
0.83763722 1.0657183
0.84520998 1.082928
0.8528512 1.1003747
0.86056151 1.1180599
0.86834152 1.1359854
0.87619187 1.1541527
0.88411319 1.1725635
0.89210612 1.191219
0.90017131 1.2101208
0.90830942 1.2292702
0.9165211 1.2486685
0.92480702 1.2683167
0.93316785 1.2882161
0.94160427 1.3083676
0.95011696 1.3287722
0.95870661 1.3494305
0.96737391 1.3703434
0.97611957 1.3915115
0.9849443 1.4129352
0.99384881 1.4346148
1.0028338 1.4565509
1.0119001 1.4787432
1.0210483 1.501192
1.0302792 1.5238969
1.0395935 1.5468577
1.0489921 1.570074
1.0584757 1.5935452
1.0680449 1.6172704
1.0777007 1.6412488
1.0874438 1.6654792
1.097275 1.6899602
1.107195 1.7146904
1.1172048 1.7396682
1.127305 1.7648916
1.1374965 1.7903586
1.1477802 1.8160666
1.1581568 1.8420133
1.1686273 1.8681959
1.1791924 1.8946112
1.1898531 1.9212562
1.2006101 1.9481271
1.2114643 1.9752203
1.2224167 2.0025316
1.2334681 2.0300567
1.2446194 2.0577911
1.2558716 2.0857297
1.2672254 2.1138674
1.2786819 2.1421986
1.290242 2.1707177
1.3019066 2.1994182
1.3136767 2.2282938
1.3255531 2.2573376
1.3375369 2.2865425
1.3496291 2.3159009
1.3618306 2.345405
1.3741424 2.3750465
1.3865655 2.4048168
1.3991009 2.434707
1.4117496 2.4647075
1.4245127 2.4948087
1.4373912 2.5250005
1.4503861 2.5552723
1.4634985 2.5856131
1.4767295 2.6160115
1.49008 2.6464558
1.5035513 2.6769337
1.5171443 2.7074329
1.5308602 2.73794
1.5447002 2.7684419
1.5586652 2.7989246
1.5727565 2.8293737
1.5869752 2.8597748
1.6013224 2.8901124
1.6157994 2.9203712
1.6304072 2.9505353
1.6451471 2.9805881
1.6600203 3.0105131
1.6750279 3.040293
1.6901712 3.0699103
1.7054514 3.0993468
1.7208697 3.1285844
1.7364275 3.1576043
1.7521258 3.1863874
1.7679661 3.2149143
1.7839497 3.2431652
1.8000777 3.2711199
1.8163515 3.2987582
1.8327724 3.3260592
1.8493418 3.3530018
1.866061 3.3795649
1.8829314 3.4057269
1.8999543 3.4314659
1.917131 3.4567601
1.9344631 3.4815872
1.9519518 3.5059248
1.9695987 3.5297505
1.9874051 3.5530417
2.0053725 3.5757754
2.0235023 3.5979291
2.041796 3.6194798
2.0602551 3.6404046
2.0788811 3.6606806
2.0976755 3.680285
2.1166398 3.699195
2.1357755 3.7173879
2.1550842 3.7348411
2.1745675 3.7515321
2.194227 3.7674388
2.2140642 3.782539
2.2340807 3.7968111
2.2542782 3.8102334
2.2746582 3.8227848
2.2952226 3.8344445
2.3159728 3.845192
2.3369106 3.8550072
2.3580378 3.8638705
2.3793559 3.8717626
2.4008667 3.8786653
2.4225721 3.8845603
2.4444736 3.8894302
2.4665732 3.8932581
2.4888725 3.8960279
2.5113735 3.8977242
2.5340779 3.8983324
2.5569875 3.8978384
2.5801043 3.8962293
2.60343 3.893493
2.6269666 3.889618
2.6507161 3.8845945
2.6746802 3.8784129
2.698861 3.8710655
2.7232603 3.8625451
2.7478803 3.8528463
2.7727228 3.8419645
2.79779 3.8298967
2.8230837 3.8166415
2.8486062 3.802199
2.8743593 3.7865705
2.9003453 3.7697595
2.9265663 3.7517712
2.9530242 3.7326128
2.9797214 3.7122935
3.00666 3.6908243
3.033842 3.668219
3.0612699 3.6444938
3.0889456 3.6196669
3.1168716 3.5937598
3.1450501 3.5667967
3.1734833 3.5388045
3.2021736 3.5098133
3.2311232 3.4798567
3.2603346 3.4489715
3.28981 3.4171982
3.3195519 3.3845808
3.3495627 3.3511671
3.3798449 3.3170091
3.4104008 3.2821627
3.4412329 3.246688
3.4723438 3.2106491
3.503736 3.1741146
3.5354119 3.1371575
3.5673742 3.0998549
3.5996255 3.0622884
3.6321684 3.024544
3.6650054 2.9867116
3.6981393 2.9488855
3.7315728 2.9111638
3.7653086 2.8736484
3.7993493 2.836445
3.8336978 2.7996625
3.8683568 2.7634125
3.9033291 2.7278096
3.9386177 2.6929706
3.9742252 2.6590142
4.0101547 2.6260601
4.046409 2.5942294
4.082991 2.563643
4.1199038 2.5344219
4.1571503 2.5066858
4.1947335 2.4805535
4.2326565 2.4561408
4.2709224 2.4335611
4.3095342 2.4129242
4.348495 2.3943353
4.3878081 2.3778947
4.4274766 2.3636967
4.4675038 2.3518292
4.5078928 2.3423729
4.5486469 2.3353999
4.5897695 2.3309741
4.6312639 2.3291496
4.6731334 2.3299702
4.7153814 2.3334691
4.7580114 2.3396675
4.8010268 2.348575
4.8444311 2.3601877
4.8882277 2.3744891
4.9324204 2.3914482
4.9770125 2.4110204
5.0220078 2.4331458
5.0674099 2.4577501
5.1132224 2.4847439
5.1594491 2.5140226
5.2060937 2.545466
5.2531601 2.5789397
5.3006519 2.6142944
5.3485731 2.6513665
5.3969275 2.6899791
5.4457191 2.7299425
5.4949518 2.7710555
5.5446296 2.8131062
5.5947565 2.8558732
5.6453365 2.8991275
5.6963739 2.9426337
5.7478727 2.9861516
5.799837 3.0294377
5.8522711 3.0722471
5.9051793 3.1143348
5.9585658 3.1554571
6.0124349 3.1953729
6.0667911 3.2338447
6.1216387 3.2706398
6.1769821 3.3055297
6.2328258 3.3382914
6.2891744 3.3687067
6.3460325 3.3965619
6.4034046 3.4216475
6.4612953 3.4437568
6.5197095 3.4626859
6.5786517 3.4782328
6.6381268 3.4901966
6.6981396 3.4983776
6.7586949 3.5025782
6.8197977 3.5026033
6.8814529 3.4982627
6.9436656 3.4893739
7.0064406 3.4757658
7.0697832 3.4572835
7.1336984 3.4337939
7.1981915 3.4051924
7.2632676 3.3714096
7.3289321 3.3324195
7.3951902 3.2882461
7.4620473 3.2389716
7.5295089 3.1847427
7.5975803 3.1257766
7.6662671 3.0623652
7.735575 2.9948782
7.8055094 2.9237639
7.876076 2.8495482
7.9472807 2.7728313
8.019129 2.6942822
8.0916269 2.6146312
8.1647803 2.5346606
8.238595 2.4551936
8.313077 2.3770818
8.3882324 2.3011921
8.4640672 2.2283926
8.5405876 2.1595387
8.6177998 2.095459
8.6957101 2.036942
8.7743247 1.9847232
8.8536501 1.9394734
8.9336926 1.9017882
9.0144587 1.8721779
9.095955 1.8510598
9.1781881 1.8387501
9.2611647 1.8354587
9.3448913 1.8412825
9.429375 1.8562027
9.5146224 1.8800805
9.6006405 1.9126553
9.6874362 1.953544
9.7750167 2.002241
9.8633889 2.0581216
9.9525601 2.1204465
10.042537 2.1883694
10.133328 2.2609477
10.22494 2.3371575
10.31738 2.4159105
10.410655 2.4960756
10.504774 2.5765027
10.599744 2.6560489
10.695572 2.7336049
10.792267 2.8081217
10.889835 2.8786338
10.988286 2.9442801
11.087627 3.0043178
11.187866 3.0581318
11.289011 3.1052354
11.391071 3.1452659
11.494053 3.1779737
11.597967 3.2032077
11.70282 3.2208995
11.80862 3.231048
11.915378 3.233709
12.0231 3.2289907
12.131796 3.217056
12.241475 3.1981342
12.352146 3.1725376
12.463817 3.1406841
12.576498 3.1031173
12.690197 3.0605254
12.804924 3.0137497
12.920689 2.9637832
13.0375 2.9117562
13.155367 2.8589111
13.2743 2.8065676
13.394308 2.7560846
13.515401 2.7088214
13.637588 2.6661043
13.76088 2.6291973
13.885287 2.5992788
14.010819 2.5774186
14.137485 2.5645504
14.265297 2.5614348
14.394264 2.5686113
14.524397 2.5863378
14.655707 2.6145284
14.788204 2.6526957
14.921898 2.6999142
15.056801 2.754814
15.192924 2.8156125
15.330278 2.8801847
15.468873 2.9461621
15.608721 3.0110484
15.749834 3.072334
15.892222 3.1275986
16.035898 3.1745958
16.180872 3.2113228
16.327157 3.2360885
16.474765 3.2475919
16.623707 3.2450207
16.773996 3.2281673
16.925643 3.1975425
17.078661 3.1544599
17.233063 3.1010531
17.388861 3.0401998
17.546067 2.9753397
17.704694 2.9101993
17.864756 2.8484618
18.026264 2.7934318
18.189233 2.7477555
18.353675 2.7132413
18.519603 2.6908041
18.687032 2.6805314
18.855975 2.6818348
19.026444 2.6936383
19.198455 2.7145494
19.372021 2.7429769
19.547156 2.7771821
19.723875 2.8152817
19.902191 2.8552359
20.082119 2.8948594
20.263674 2.9318825
20.44687 2.9640668
20.631722 2.9893649
20.818246 3.0060968
21.006456 3.0131177
21.196367 3.0099442
21.387996 2.9968228
21.581356 2.9747231
21.776465 2.9452557
21.973338 2.9105201
22.171991 2.8729087
22.372439 2.8348967
22.5747 2.7988574
22.778789 2.7669325
22.984724 2.7409632
23.19252 2.7224684
23.402195 2.7126352
23.613765 2.7122878
23.827248 2.7218156
24.042661 2.7410593
24.260022 2.7691747
24.479348 2.8045119
24.700656 2.8445555
24.923966 2.8859823
25.149294 2.9248734
25.376659 2.9570981
25.60608 2.9788503
25.837575 2.9872778
26.071162 2.9810945
26.306862 2.9610146
26.544692 2.9298415
26.784673 2.8921191
27.026823 2.8533879
27.271162 2.8192172
27.51771 2.7942339
27.766488 2.7813514
28.017514 2.7813654
28.27081 2.7930356
28.526395 2.8136124
28.784292 2.8395472
29.04452 2.8670189
29.3071 2.8921431
29.572055 2.911129
29.839404 2.9207759
30.109171 2.9192961
30.381377 2.906936
30.656043 2.8858692
30.933193 2.8594611
31.212848 2.8315404
31.495032 2.8060741
31.779767 2.7869449
32.067075 2.7773436
32.356982 2.7789302
32.649509 2.7915029
32.944681 2.8134879
33.242521 2.8426281
33.543054 2.8760752
33.846304 2.9099861
34.152296 2.9395267
34.461054 2.9598862
34.772603 2.9678724
35.086969 2.9630514
35.404177 2.9477682
35.724253 2.9262882
36.047222 2.9037795
36.373112 2.8855094
36.701947 2.8759267
37.033756 2.877271
37.368564 2.8882524
37.706399 2.9040902
38.047288 2.918496
38.391259 2.9264827
38.73834 2.926
39.088559 2.9174335
39.441944 2.9021646
39.798524 2.8820599
40.158327 2.8598565
40.521383 2.8391379
40.887722 2.8239943
41.257372 2.8187707
41.630364 2.8265648
42.006729 2.8465936
42.386496 2.8738737
42.769696 2.9021394
43.156361 2.9260995
43.546521 2.9413368
43.940209 2.9443784
44.337455 2.9339338
44.738294 2.9122006
45.142756 2.8853581
45.550874 2.8619426
45.962682 2.8493699
46.378214 2.8511471
46.797501 2.8656215
47.22058 2.8863324
47.647483 2.9050079
48.078246 2.9153793
48.512903 2.9145515
48.95149 2.9029497
49.394042 2.885482
49.840595 2.8720904
50.291185 2.8734392
50.745849 2.8935535
51.204623 2.9268233
51.667544 2.9611355
52.134651 2.9828082
52.605981 2.9820224
53.081571 2.9587418
53.561462 2.9237323
54.045691 2.8915038
54.534297 2.8740966
55.027321 2.8788101
55.524803 2.9034671
56.026781 2.9359421
56.533298 2.9607746
57.044394 2.965474
57.560111 2.948972
58.08049 2.9236246
58.605574 2.9048085
59.135405 2.9034883
59.670026 2.9214338
60.20948 2.9474777
60.753811 2.9659736
61.303063 2.9686595
61.857281 2.955883
62.416509 2.9323479
62.980793 2.906224
63.550179 2.8913529
64.124712 2.8987954
64.704439 2.9244279
65.289408 2.950168
65.879665 2.9587131
66.475258 2.9465463
67.076235 2.9234278
67.682646 2.9046267
68.294539 2.9024061
68.911965 2.9215917
69.534972 2.9525641
70.163611 2.9746919
70.797934 2.9717123
71.437991 2.9468537
72.083835 2.9222212
72.735517 2.9160427
73.393092 2.9306713
74.056611 2.9536929
74.726129 2.9661439
75.401699 2.957056
76.083378 2.9318244
76.771219 2.9081876
77.465278 2.9069181
78.165613 2.9331795
78.872278 2.9671628
79.585333 2.9796692
80.304834 2.9618611
81.030839 2.9313635
81.763408 2.9121786
82.5026 2.922317
83.248475 2.9535139
84.001093 2.9756149
84.760515 2.9728978
85.526803 2.9533583
86.300019 2.9458524
87.080224 2.9618907
87.867484 2.9825027
88.661861 2.9796533
89.463419 2.9489227
90.272224 2.9185896
91.088341 2.9151438
91.911836 2.9292658
92.742776 2.9478392
93.581229 2.9564399
94.427261 2.9498171
95.280942 2.9566941
96.142341 2.9772631
97.011528 2.9834126
97.888572 2.9606592
98.773546 2.9444433
99.66652 2.9524747
100.56757 2.9684332
101.47676 2.9825864
102.39417 2.9879493
103.31988 2.9746749
104.25396 2.970922
105.19648 2.982627
106.14752 2.9904903
107.10716 2.9808486
108.07547 2.9742096
109.05254 2.9769909
110.03845 2.9675773
111.03326 2.9599101
112.03707 2.9683244
113.04996 2.9738728
114.072 2.9792151
115.10328 2.971985
116.14389 2.9512148
117.1939 2.9404622
118.2534 2.9544007
119.32249 2.9737302
120.40124 2.9638819
121.48974 2.9378152
122.58808 2.9418044
123.69636 2.9862238
124.81465 3.0094979
125.94305 2.9828588
127.08165 2.9589484
128.23055 2.9686285
129.38983 2.9891317
130.5596 2.9817447
131.73994 2.9648194
132.93095 2.9709976
134.13273 2.9851605
135.34537 2.9826259
136.56898 2.9702045
137.80365 2.9679295
139.04948 2.9962053
140.30657 2.9901212
141.57503 2.9691706
142.85495 2.9766566
144.14645 2.9717965
145.44963 2.9702497
146.76458 2.991565
148.09142 2.993777
149.43026 2.9720177
150.78121 2.9793345
152.14436 3.0036415
153.51984 2.9932475
154.90776 2.9675189
156.30822 2.9832311
157.72134 2.9635859
159.14724 2.9632932
160.58603 2.9986067
162.03783 2.993452
163.50275 2.9763338
164.98092 2.9582654
166.47245 2.9702332
167.97746 2.9867536
169.49608 2.966171
171.02843 2.9655557
172.57464 2.9665133
174.13482 2.9942459
175.7091 2.9863973
177.29762 2.9904755
178.90051 2.9963687
180.51788 2.9757415
182.14987 2.9762693
183.79662 2.9713649
185.45825 2.9975261
187.13491 3.0057472
188.82673 2.9955031
190.53384 2.9973189
192.25638 2.9847725
193.9945 2.9756404
195.74833 2.9730771
197.51802 2.9970311
199.3037 2.9916751
201.10553 2.9860193
202.92365 2.9863856
204.75821 2.9939672
206.60935 3.0030771
208.47723 2.9861673
210.36199 2.9897543
212.26379 2.9833104
214.18279 2.9495436
216.11914 2.9847758
218.07299 2.9933322
220.0445 2.9805871
222.03384 2.9801654
224.04117 2.9898031
226.06664 3.0158201
228.11042 2.9723307
230.17268 3.0084091
232.25359 2.9784382
234.3533 2.9714295
236.472 2.9833952
238.60986 2.9781032
240.76704 2.9746845
242.94372 3.0007353
245.14008 2.9706725
247.3563 2.9710191
249.59256 2.9595178
251.84903 2.9861084
254.1259 2.9809605
256.42336 2.9857241
258.74158 2.9698677
261.08077 2.9875053
263.4411 2.9973722
265.82277 2.9780334
268.22597 2.9783523
270.6509 2.9765151
273.09776 2.9922969
275.56673 2.9824417
278.05802 2.9676311
280.57184 2.9690168
283.10839 2.9939608
285.66786 3.0016626
288.25048 3.0025404
290.85644 2.9944245
293.48596 2.9639697
296.13926 2.9807461
298.81654 2.9859428
301.51803 2.9723054
304.24394 2.9480649
306.99449 2.9860008
309.76992 2.9930454
312.57043 2.9913304
315.39626 2.9939043
318.24764 2.9749431
321.12479 2.9698146
324.02796 2.9905873
326.95738 2.9733066
329.91327 2.9720134
332.8959 2.9760165
335.90548 2.9927067
338.94228 2.9828955
342.00652 2.9626855
345.09848 2.9668339
348.21838 2.9717547
351.36649 3.0095071
354.54306 3.0038606
357.74835 2.984983
360.98262 2.9823575
364.24613 2.9738291
367.53914 2.9953166
370.86192 2.9791852
374.21474 2.9895972
377.59788 2.9936809
381.0116 2.9966628
384.45618 2.9683466
387.9319 2.9830603
391.43905 3.0082247
394.9779 2.9675901
398.54875 2.9981125
402.15187 2.9971251
405.78758 2.9905743
409.45615 2.9940546
413.15789 3.000749
416.89309 2.9774727
420.66206 2.9940625
424.46511 2.9887916
428.30254 3.0061764
432.17466 3.0016272
436.08179 3.0118157
440.02424 3.0075593
444.00233 2.9746972
448.01639 3.0000417
452.06674 2.9784731
456.1537 3.0102045
460.27761 2.9789302
464.43881 2.9902769
468.63762 2.9779636
472.8744 2.9911672
477.14948 3.01415
481.46321 2.9612258
485.81593 3.0112126
490.20801 2.999823
494.6398 2.9899404
499.11165 3.0170874
503.62393 2.9674769
508.177 2.9935481
512.77124 2.9915004
517.40701 2.9755975
522.08469 2.9968633
526.80466 3.0133734
531.5673 2.9899302
536.373 3.0228587
541.22215 2.9713454
546.11513 3.0073853
551.05235 2.9667022
556.03421 2.9967863
561.0611 2.9934902
566.13344 2.9646514
571.25164 2.9941806
576.41611 2.9983303
581.62727 3.0005753
586.88554 2.9789674
592.19135 2.988276
597.54513 2.9845085
602.94731 2.9788437
608.39833 2.9897042
613.89863 2.9985397
619.44865 2.9975171
625.04885 2.9999314
630.69968 2.9846561
636.4016 2.996865
642.15507 2.9927507
647.96055 2.9733319
653.81852 3.0008792
659.72944 2.9762252
665.69381 2.98475
671.71209 2.9846084
677.78479 2.9806475
683.91238 2.9920913
690.09538 2.9910669
696.33427 2.9766475
702.62956 2.9869702
708.98177 2.9770198
715.39141 2.9867625
721.85899 3.0175166
728.38504 2.9655292
734.9701 3.0101612
741.61468 3.0020137
748.31934 3.009577
755.08461 2.9941258
761.91105 2.9889709
768.7992 2.9819108
775.74962 2.9819606
782.76288 2.9731133
789.83954 2.986899
796.98018 2.9806097
804.18538 3.0017758
811.45572 2.9800356
818.79178 3.0187757
826.19417 2.9825068
833.66348 2.9842051
841.20031 3.0115486
848.80529 2.9700859
856.47901 2.983136
864.22212 2.9672253
872.03522 2.9798518
879.91896 2.984675
887.87398 2.9754581
895.90091 2.9962085
904.00041 2.9941213
912.17314 2.9696835
920.41975 2.9827512
928.74091 2.9844115
937.13731 2.9966056
945.60961 2.98492
954.15851 3.0072725
962.7847 2.9884747
971.48887 2.9922757
980.27174 3.0069464
989.134 2.9886967
998.07639 2.9874485
1007.0996 2.999676
1016.2044 2.975738
1025.3915 2.9823778
1034.6617 2.9669128
1044.0157 2.9989165
1053.4543 3.004446
1062.9781 2.9829355
1072.5881 2.97896
1082.285 2.9992854
1092.0695 2.9656635
1101.9425 3.0081354
1111.9047 3.0221505
1121.9571 2.9780375
1132.1002 2.9985477
1142.3351 2.9940302
1152.6626 3.0037582
1163.0833 2.9892662
1173.5983 2.9867811
1184.2084 2.9711816
1194.9144 2.9737948
1205.7171 2.9828085
1216.6176 2.9671112
1227.6166 2.9929144
1238.715 2.9915924
1249.9137 3.0123546
1261.2137 2.9607674
1272.6159 2.9703852
1284.1211 3.005953
1295.7304 2.9928806
1307.4446 3.0072369
1319.2647 2.9914421
1331.1917 2.9926015
1343.2265 2.9756242
1355.3701 2.9801126
1367.6235 2.9688588
1379.9876 3.0247673
1392.4636 2.9806547
1405.0523 3.0009758
1417.7549 2.9774374
1430.5722 2.9965594
1443.5055 2.9622206
1456.5557 2.9743035
1469.7239 2.98038
1483.0111 2.9750594
1496.4184 2.9812856
1509.947 2.9868097
1523.5978 2.9688084
1537.3721 2.984126
1551.2709 2.9870611
1565.2954 2.9808063
1579.4466 2.9975652
1593.7258 2.9667658
1608.1341 2.988408
1622.6726 2.9960427
1637.3426 2.9658876
1652.1452 2.9921253
1667.0816 2.9852817
1682.153 3.0000605
1697.3607 2.9918318
1712.7059 2.9926408
1728.1899 2.9888481
1743.8138 2.9719713
1759.5789 2.9719706
1775.4866 3.0083222
1791.5381 2.9774878
1807.7347 3.0050617
1824.0778 2.9801016
1840.5686 2.9828126
1857.2085 2.98194
1873.9988 2.9860729
1890.9409 2.9848802
1908.0362 2.997235
1925.286 2.9993633
1942.6918 2.9894884
1960.2549 2.9742224
1977.9769 2.9663744
1995.859 2.9878638
2013.9028 2.9699664
2032.1097 2.9703227
2050.4813 3.0177186
2069.0189 2.9808813
2087.7241 3.0051895
2106.5984 2.97788
2125.6434 2.9741459
2144.8605 2.9878114
2164.2514 2.9876132
2183.8176 2.986776
2203.5607 3.0192369
2223.4822 2.9855178
2243.5839 3.0001358
2263.8673 2.9773063
2284.334 2.9985995
2304.9858 3.010999
2325.8243 2.9777016
2346.8512 2.986124
2368.0682 2.9983269
2389.4771 2.9743678
2411.0794 2.9645908
2432.8771 2.9772701
2454.8718 2.9918316
2477.0654 2.9828547
2499.4596 2.9953689
2522.0562 2.9966705
2544.8572 2.9703887
2567.8643 2.994316
2591.0794 2.9930294
2614.5043 2.978134
2638.1411 2.9796074
2661.9915 3.0028054
2686.0576 2.979986
2710.3412 3.0050596
2734.8444 3.0044319
2759.5691 2.9695538
2784.5173 2.9818702
2809.6911 2.9989625
2835.0924 3.0004882
2860.7234 2.98375
2886.5861 2.9683357
2912.6827 2.9671269
2939.0151 2.9698946
2965.5857 3.014673
2992.3964 2.999474
3019.4495 2.9617533
3046.7472 2.9832414
3074.2917 2.9920824
3102.0852 2.9855891
3130.13 2.9782172
3158.4283 2.990268
3186.9825 2.9718675
3215.7948 2.9610183
3244.8676 2.9833818
3274.2032 2.9717509
3303.804 3.0154118
3333.6725 3.000111
3363.8109 2.9762166
3394.2219 2.9921079
3424.9077 2.977458
3455.871 2.9903779
3487.1143 3.0040736
3518.6399 2.9864127
3550.4506 2.9907793
3582.5489 2.9840024
3614.9374 3.0017625
3647.6187 2.990822
3680.5954 2.988742
3713.8703 2.9991309
3747.446 2.9915924
3781.3252 2.9997893
3815.5107 2.9915854
3850.0053 3.0032066
3884.8118 2.9877343
3919.9329 3.0031694
3955.3715 2.9899059
3991.1305 3.002773
4027.2128 2.9497799
4063.6214 3.001832
4100.359 2.952802
4137.4288 3.0067774
4174.8337 2.9579369
4212.5768 2.9856244
4250.6611 3.0150682
4289.0898 2.9924707
4327.8658 2.9801611
4366.9924 2.9812474
4406.4727 2.9976512
4446.31 2.978944
4486.5074 2.9647292
4527.0682 2.9947034
4567.9957 2.9514656
4609.2932 3.011117
4650.9641 2.991918
4693.0117 2.9896219
4735.4395 2.9801202
4778.2508 2.9850108
4821.4491 2.987852
4865.038 2.9961553
4909.021 2.9663694
4953.4016 3.0031024
4998.1834 2.9830253
5043.3701 2.9800694
5088.9653 2.9814062
5134.9727 2.9977117
5181.3961 2.9791907
5228.2391 3.0086814
5275.5057 2.9830567
5323.1995 2.9955374
5371.3245 2.9622603
5419.8847 2.9843716
5468.8838 2.9807173
5518.3259 2.9855275
5568.215 2.9870005
5618.5551 3.0006593
5669.3504 2.9835882
5720.6048 3.0008223
5772.3226 2.97975
5824.508 2.9937204
5877.1652 2.9687617
5930.2984 2.9895083
5983.912 2.9989747
6038.0103 2.9949817
6092.5977 2.9812216
6147.6785 2.9797709
6203.2574 2.9885287
6259.3387 2.9851364
6315.927 2.9824559
6373.0269 2.9835351
6430.643 2.995982
6488.78 2.9790935
6547.4426 2.973122
6606.6356 2.9779704
6666.3637 2.9769224
6726.6317 3.0052174
6787.4447 2.9870842
6848.8074 2.9947043
6910.7249 2.9973087
6973.2021 2.9844995
7036.2442 2.9761655
7099.8562 2.996894
7164.0433 3.003956
7228.8108 2.9751077
7294.1637 2.9812439
7360.1075 2.9804713
7426.6474 3.0000956
7493.7889 2.988641
7561.5374 2.969392
7629.8984 2.9844635
7698.8775 2.9762169
7768.4801 2.9840011
7838.712 2.9836831
7909.5788 2.9883862
7981.0863 2.9738067
8053.2403 2.9780377
8126.0466 2.9703218
8199.5111 2.9770315
8273.6398 3.0105708
8348.4387 2.9829529
8423.9137 2.976755
8500.0712 2.981599
8576.9171 3.0171086
8654.4578 2.9769431
8732.6994 2.9706924
8811.6485 2.9770087
8891.3112 2.9615326
8971.6942 2.9778865
9052.8039 3.0136818
9134.6469 2.9861526
9217.2298 2.9737065
9300.5593 3.0130798
9384.6421 3.0022242
9469.4851 2.9785806
9555.0951 2.9982126
9641.4791 2.982471
9728.6441 2.9592978
9816.5971 2.9957015
9905.3452 2.9698748
9994.8957 2.9776915
10085.256 2.9950803
10176.433 2.97887
10268.434 2.970743
10361.267 2.9953279
10454.939 2.9869032
10549.459 2.991777
10644.832 2.9927424
10741.068 3.0129245
10838.174 2.9615791
10936.158 2.9781283
11035.028 3.0291663
11134.791 2.993015
11235.456 2.9928418
11337.032 2.9748389
11439.526 2.9866386
11542.946 2.9937364
11647.302 3.0041657
11752.6 2.983619
11858.851 2.9971751
11966.063 2.9757447
12074.243 2.9995617
12183.402 2.9910356
12293.548 2.9902
12404.689 2.9828596
12516.835 2.9931268
12629.995 2.9836673
12744.178 3.0084322
12859.393 2.9712262
12975.65 2.9822333
13092.958 2.9786739
13211.327 2.9729488
13330.765 3.0019914
13451.284 2.9568698
13572.892 2.9789969
13695.599 2.9710207
13819.416 2.9815389
13944.352 3.0014033
14070.417 3.0056737
14197.623 2.9991621
14325.978 2.9961167
14455.494 2.9965458
14586.18 2.9872455
14718.049 3.0074118
14851.109 2.9819402
14985.372 2.9740097
15120.849 2.9818093
15257.551 2.9863058
15395.489 2.9872001
15534.674 2.9693192
15675.117 2.9827444
15816.83 2.9731616
15959.824 2.9735793
16104.11 2.9916295
16249.701 2.9936456
16396.609 2.9868657
16544.844 3.0040856
16694.42 2.9952488
16845.348 2.9886625
16997.64 2.991324
17151.31 2.9877967
17306.368 2.9857919
17462.828 3.0053984
17620.703 2.981154
17780.005 2.9938597
17940.748 2.961842
18102.943 2.9671825
18266.605 2.9783917
18431.747 2.9755206
18598.381 2.984301
18766.522 2.9702724
18936.183 2.9738817
19107.378 2.9642686
19280.12 2.988972
19454.425 2.9931447
19630.305 2.9794412
19807.775 2.9744887
19986.85 2.9747539
20167.543 2.9815244
20349.87 2.9694217
20533.846 3.0174299
20719.484 2.9879589
20906.801 2.9683832
21095.812 2.9780869
21286.531 2.986943
21478.975 2.9915285
21673.158 2.9834998
21869.097 3.0123205
22066.807 2.9863239
22266.305 2.9996461
22467.606 2.9891388
22670.727 2.9969528
22875.685 2.9867253
23082.495 2.9817536
23291.175 3.006533
23501.742 2.9796912
23714.212 2.96669
23928.603 2.9773336
24144.933 2.9676398
24363.218 2.9776565
24583.477 3.0030124
24805.727 2.9985557
25029.986 2.9583625
25256.272 2.9981216
25484.605 2.9847971
25715.001 2.9815597
25947.481 2.9704925
26182.062 3.0015983
26418.765 2.9801521
26657.607 2.9688413
26898.608 2.9745631
27141.788 2.9998935
27387.167 2.959087
27634.764 2.9886161
27884.599 2.9825991
28136.693 2.964819
28391.066 3.0032438
28647.739 2.997457
28906.733 2.9941643
29168.068 3.0114091
29431.765 2.9980719
29697.847 2.9793529
29966.334 2.9708607
30237.248 2.9713368
30510.611 2.9659144
30786.446 2.99809
31064.775 2.9900962
31345.62 2.9764664
31629.004 2.9786544
31914.949 2.9930583
32203.48 3.0033013
32494.62 3.0020633
32788.391 2.975146
33084.819 3.0003576
33383.926 2.9865436
33685.738 2.9935452
33990.278 2.9815415
34297.571 2.9981813
34607.642 2.9599921
34920.517 2.9855774
35236.22 2.9686451
35554.777 2.978777
35876.215 3.0079655
36200.558 2.9757607
36527.834 2.9595898
36858.068 2.9953158
37191.288 2.9831522
37527.52 2.9918616
37866.792 2.9778055
38209.132 2.9833495
38554.566 2.9901794
38903.123 2.9942518
39254.832 2.9855724
39609.72 3.0076371
39967.816 2.9720434
40329.15 2.9883252
40693.751 2.9867289
41061.648 2.9657115
41432.87 2.96677
41807.449 2.9451835
42185.415 2.9881897
42566.797 2.9947026
42951.627 3.0020316
43339.937 2.974268
43731.757 2.9733483
44127.119 3.0037928
44526.056 2.9829243
44928.599 2.9801591
45334.781 3.0229991
45744.636 2.9955213
46158.196 2.9818979
46575.495 2.9905295
46996.566 2.9836065
47421.444 2.9917861
47850.164 2.9884486
48282.759 2.9824539
48719.265 2.9970887
49159.717 2.9871903
49604.152 2.9722291
50052.604 2.996016
50505.111 2.9761232
50961.708 2.9779721
51422.434 2.997295
51887.325 2.9961031
52356.418 2.9875122
52829.753 2.9804729
53307.367 2.9838743
53789.299 2.9911115
54275.587 2.9871269
54766.272 2.9822395
55261.393 2.9944157
55760.991 2.9961674
56265.105 2.9992062
56773.776 2.9855296
57287.047 2.9958583
57804.957 2.9608025
58327.55 2.9619318
58854.867 2.9853848
59386.952 2.9917526
59923.847 2.9678145
60465.596 2.97993
61012.242 2.9738746
61563.831 2.996348
62120.406 2.9673722
62682.013 2.98533
63248.698 2.9922727
63820.505 2.9905292
64397.482 2.99917
64979.675 2.9896154
65567.132 2.9969914
66159.9 2.9880072
66758.026 2.9796566
67361.56 2.9874723
67970.551 3.0193191
68585.047 2.9814663
69205.098 2.9705253
69830.755 2.9933523
70462.069 2.9922687
71099.09 2.992147
71741.87 2.9672809
72390.461 2.9855702
73044.916 3.0054704
73705.287 2.9853462
74371.629 2.9785926
75043.995 2.9973769
75722.439 2.9594906
76407.017 2.9882137
77097.784 2.9807053
77794.796 2.9841172
78498.109 2.9895536
79207.781 2.9858904
79923.868 2.956143
80646.43 2.9661704
81375.524 2.9872034
82111.209 2.9766254
82853.545 2.973499
83602.593 2.9810885
84358.412 2.9733991
85121.065 2.9761537
85890.612 3.0067536
86667.117 2.9882452
87450.641 2.9704586
88241.249 2.9846687
89039.005 2.9910032
89843.973 3.0256114
90656.219 2.9817776
91475.807 3.0025996
92302.805 3.0116853
93137.28 2.9856397
93979.299 3.0017252
94828.93 2.968239
95686.243 2.9920359
96551.306 2.9864217
97424.19 2.9924704
98304.965 3.002966
99193.703 3.002986
100090.48 2.9714982
100995.36 2.9850238
101908.42 2.994729
102829.73 3.0129621
103759.38 3.0122877
104697.43 2.9923344
105643.96 2.970765
106599.04 2.9577961
107562.76 2.9690889
108535.2 2.9722723
109516.42 2.9925045
110506.52 2.9972428
111505.57 2.9560997
112513.65 2.9682842
113530.84 2.9995252
114557.23 2.9834482
115592.9 3.0001755
116637.93 2.9728272
117692.41 2.9692038
118756.42 3.0177202
119830.06 3.0003733
120913.39 2.9830602
122006.53 2.9674705
123109.54 3.0139388
124222.53 2.9906884
125345.58 2.9874913
126478.78 2.9706912
127622.23 3.0076643
128776.01 3.0139095
129940.22 2.9862042
131114.97 2.9921183
132300.33 2.9523177
133496.4 3.0024298
134703.29 2.9933052
135921.1 2.9873894
137149.91 2.9897662
138389.83 2.9936876
139640.96 3.005402
140903.4 3.0032365
142177.25 2.9839035
143462.62 2.9541103
144759.61 2.9814673
146068.33 3.0169982
147388.88 2.976163
148721.37 2.9711621
150065.9 2.9649738
151422.59 2.9967062
152791.54 3.0012019
154172.87 2.9806161
155566.69 2.9869763
156973.11 2.9873187
158392.25 2.9802079
159824.21 2.993774
161269.12 2.9843273
162727.1 2.9603123
164198.25 2.9893923
165682.7 2.9636843
167180.58 2.9599625
168691.99 2.9819968
170217.08 2.9712315
171755.94 3.0059734
173308.72 2.9695593
174875.54 2.9781114
176456.53 2.974293
178051.8 3.0237264
179661.5 2.9604513
181285.75 2.9877323
182924.69 3.0037705
184578.44 3.0076077
186247.15 2.9712272
187930.94 2.954428
189629.95 2.9657981
191344.32 2.9956594
193074.19 3.0013337
194819.7 2.9772987
196581 3.0058462
198358.21 2.9649529
200151.49 2.9671226
201960.98 2.9909503
203786.84 2.9921585
205629.2 2.9834713
207488.21 2.9908168
209364.04 3.004394
211256.82 2.9924518
213166.71 2.9846228
215093.87 2.9732508
217038.45 3.0025517
219000.61 2.9999132
220980.52 2.9641864
222978.32 2.9636807
224994.18 2.9860925
227028.27 3.0074463
229080.74 2.9888461
231151.78 2.9712084
233241.53 2.9969361
235350.18 2.9702378
237477.89 3.0017671
239624.84 2.9943331
241791.2 2.9764615
243977.14 2.9878432
246182.85 2.9890939
248408.49 2.9651882
250654.26 2.991798
252920.33 2.9768269
255206.89 2.976359
257514.12 2.968452
259842.2 2.9997891
262191.34 2.985907
264561.71 2.9781916
266953.51 2.9834161
269366.94 2.9911762
271802.18 3.0100084
274259.44 2.9958522
276738.92 2.9807468
279240.81 2.9946219
281765.32 2.9830496
284312.66 3.0061455
286883.02 2.979275
289476.62 2.986483
292093.67 2.9873723
294734.38 2.9754325
297398.96 2.9734051
300087.63 2.9945063
302800.61 2.9843026
305538.12 2.9952182
308300.37 2.9522636
311087.6 2.9766455
313900.02 2.9736516
316737.87 2.9873723
319601.38 2.9778274
322490.78 2.9504272
325406.29 2.9723051
328348.17 2.9800967
331316.64 3.0012008
334311.95 3.0056824
337334.34 3.0042773
340384.05 2.985312
343461.33 3.0130443
346566.44 2.9994508
349699.61 3.0097488
352861.11 2.9739257
356051.2 2.9629568
359270.12 2.9696024
362518.15 2.9868775
365795.54 2.9850712
369102.56 2.9965203
372439.47 2.9959595
375806.56 2.9772605
379204.08 2.9954875
382632.32 2.9930958
386091.56 3.0022547
389582.06 2.974914
393104.13 2.9954435
396658.03 3.001326
400244.07 2.9917805
403862.52 2.9990366
407513.69 2.9689909
411197.87 2.9970203
414915.35 3.0023532
418666.45 2.9905358
422451.45 2.9964506
426270.68 2.9827709
430124.43 2.9743362
434013.02 2.974981
437936.77 2.9917649
441895.99 2.9934035
445891 2.9843499
449922.14 2.9703569
453989.71 2.9488762
458094.06 2.9704801
462235.52 2.9651953
466414.41 2.9992004
470631.09 2.9856334
474885.89 2.9794223
479179.15 2.9583784
483511.23 2.9762613
487882.47 2.9718062
492293.23 2.9763962
496743.87 2.9523455
501234.74 2.991897
505766.21 2.9964217
510338.66 2.9995709
514952.43 2.98283
519607.92 2.9791204
524305.5 2.9699626
529045.55 2.9680478
533828.45 2.9899572
538654.59 2.9967533
543524.36 2.9994917
548438.16 2.9897596
553396.39 2.9827697
558399.43 2.9918116
563447.71 2.9913349
568541.63 2.9880966
573681.6 2.985427
578868.04 3.0102773
584101.36 2.9916509
589382 2.9891576
594710.38 3.0080406
600086.93 2.9688005
605512.09 2.9576761
610986.3 2.9939703
616510 2.9860146
622083.63 2.9860602
627707.65 2.9849807
633382.52 2.9865157
639108.69 2.9946343
644886.63 2.9746222
650716.81 2.9790148

