0 8
0.010090406 7.9996774
0.01018163 7.9996715
0.010273678 7.9996656
0.010366558 7.9996594
0.010460279 7.9996533
0.010554846 7.999647
0.010650268 7.9996405
0.010746553 7.9996341
0.010843709 7.9996274
0.010941743 7.9996207
0.011040663 7.9996137
0.011140477 7.9996067
0.011241194 7.9995996
0.011342822 7.9995923
0.011445368 7.9995849
0.011548841 7.9995774
0.01165325 7.9995697
0.011758602 7.9995619
0.011864907 7.999554
0.011972174 7.9995458
0.01208041 7.9995376
0.012189624 7.9995292
0.012299826 7.9995206
0.012411024 7.9995119
0.012523227 7.999503
0.012636445 7.999494
0.012750686 7.9994848
0.01286596 7.9994755
0.012982277 7.9994659
0.013099645 7.9994562
0.013218073 7.9994464
0.013337573 7.9994363
0.013458153 7.9994261
0.013579823 7.9994156
0.013702593 7.999405
0.013826473 7.9993942
0.013951473 7.9993832
0.014077603 7.9993721
0.014204873 7.9993606
0.014333294 7.999349
0.014462876 7.9993372
0.014593629 7.9993252
0.014725565 7.9993129
0.014858693 7.9993004
0.014993025 7.9992878
0.015128571 7.9992748
0.015265343 7.9992617
0.015403351 7.9992482
0.015542607 7.9992346
0.015683122 7.9992206
0.015824907 7.9992065
0.015967974 7.9991921
0.016112334 7.9991774
0.016258 7.9991625
0.016404982 7.9991473
0.016553294 7.9991318
0.016702946 7.999116
0.016853951 7.9990999
0.017006321 7.9990836
0.017160069 7.999067
0.017315206 7.99905
0.017471747 7.9990328
0.017629702 7.9990151
0.017789085 7.9989973
0.01794991 7.998979
0.018112188 7.9989605
0.018275934 7.9989417
0.018441159 7.9989224
0.018607879 7.9989029
0.018776106 7.9988829
0.018945853 7.9988627
0.019117136 7.998842
0.019289967 7.998821
0.01946436 7.9987996
0.01964033 7.9987777
0.019817891 7.9987556
0.019997057 7.998733
0.020177842 7.99871
0.020360263 7.9986866
0.020544332 7.9986627
0.020730066 7.9986384
0.020917478 7.9986136
0.021106585 7.9985884
0.021297402 7.9985628
0.021489944 7.9985367
0.021684226 7.9985102
0.021880265 7.9984831
0.022078076 7.9984555
0.022277676 7.9984275
0.02247908 7.9983989
0.022682305 7.9983698
0.022887367 7.9983402
0.023094283 7.9983101
0.02330307 7.9982794
0.023513744 7.9982482
0.023726323 7.9982164
0.023940823 7.998184
0.024157263 7.998151
0.02437566 7.9981174
0.024596031 7.9980832
0.024818395 7.9980484
0.025042768 7.9980129
0.02526917 7.9979769
0.025497619 7.9979401
0.025728134 7.9979027
0.025960732 7.9978646
0.026195433 7.9978258
0.026432256 7.9977864
0.02667122 7.9977461
0.026912345 7.9977052
0.027155649 7.9976635
0.027401153 7.9976211
0.027648876 7.9975779
0.02789884 7.9975339
0.028151062 7.9974891
0.028405565 7.9974436
0.028662369 7.9973971
0.028921495 7.9973499
0.029182963 7.9973017
0.029446796 7.9972527
0.029713013 7.9972028
0.029981637 7.9971521
0.03025269 7.9971003
0.030526193 7.9970477
0.030802168 7.996994
0.031080639 7.9969395
0.031361628 7.9968838
0.031645156 7.9968272
0.031931248 7.9967696
0.032219926 7.996711
0.032511215 7.9966513
0.032805136 7.9965905
0.033101715 7.9965285
0.033400975 7.9964654
0.033702941 7.9964013
0.034007636 7.9963359
0.034315086 7.9962694
0.034625316 7.9962017
0.03493835 7.9961327
0.035254215 7.9960624
0.035572935 7.995991
0.035894536 7.9959182
0.036219045 7.995844
0.036546488 7.9957686
0.036876891 7.9956917
0.037210281 7.9956135
0.037546685 7.9955339
0.03788613 7.9954528
0.038228645 7.9953701
0.038574255 7.9952861
0.038922991 7.9952005
0.039274879 7.9951134
0.039629948 7.9950246
0.039988227 7.9949343
0.040349746 7.9948423
0.040714533 7.9947486
0.041082617 7.9946533
0.04145403 7.9945562
0.0418288 7.9944573
0.042206958 7.9943567
0.042588535 7.9942542
0.042973562 7.9941498
0.04336207 7.9940436
0.04375409 7.9939355
0.044149654 7.9938254
0.044548794 7.9937132
0.044951543 7.9935991
0.045357933 7.9934829
0.045767997 7.9933646
0.046181768 7.9932441
0.04659928 7.9931214
0.047020567 7.9929965
0.047445662 7.9928694
0.0478746 7.9927399
0.048307416 7.992608
0.048744145 7.9924738
0.049184823 7.9923372
0.049629484 7.9921981
0.050078165 7.9920564
0.050530903 7.9919122
0.050987734 7.9917654
0.051448695 7.9916159
0.051913823 7.9914637
0.052383156 7.9913087
0.052856732 7.9911509
0.05333459 7.9909902
0.053816768 7.9908267
0.054303305 7.9906602
0.054794241 7.9904906
0.055289615 7.9903179
0.055789467 7.9901421
0.056293839 7.9899632
0.05680277 7.989781
0.057316302 7.9895955
0.057834477 7.9894066
0.058357337 7.9892143
0.058884924 7.9890185
0.05941728 7.9888191
0.059954449 7.9886162
0.060496475 7.9884095
0.0610434 7.9881991
0.061595271 7.9879849
0.06215213 7.9877669
0.062714024 7.9875448
0.063280998 7.9873187
0.063853097 7.9870885
0.064430369 7.9868542
0.06501286 7.9866156
0.065600616 7.9863727
0.066193687 7.9861253
0.066792119 7.9858734
0.067395961 7.985617
0.068005263 7.985356
0.068620072 7.9850903
0.069240441 7.9848196
0.069866417 7.9845441
0.070498053 7.9842636
0.071135399 7.983978
0.071778508 7.9836872
0.07242743 7.9833911
0.073082219 7.9830897
0.073742928 7.9827829
0.074409609 7.9824704
0.075082319 7.9821523
0.075761109 7.9818285
0.076446037 7.9814987
0.077137157 7.981163
0.077834525 7.9808212
0.078538197 7.9804732
0.079248231 7.9801188
0.079964684 7.9797581
0.080687615 7.9793908
0.081417081 7.9790169
0.082153142 7.9786362
0.082895858 7.9782485
0.083645288 7.9778539
0.084401493 7.9774521
0.085164535 7.9770431
0.085934475 7.9766266
0.086711377 7.9762026
0.087495301 7.9757708
0.088286313 7.9753313
0.089084476 7.9748838
0.089889855 7.9744281
0.090702516 7.9739643
0.091522523 7.973492
0.092349943 7.9730112
0.093184844 7.9725217
0.094027293 7.9720232
0.094877358 7.9715158
0.095735109 7.9709992
0.096600614 7.9704733
0.097473943 7.9699378
0.098355168 7.9693925
0.09924436 7.9688375
0.10014159 7.9682724
0.10104693 7.967697
0.10196046 7.9671112
0.10288225 7.9665149
0.10381237 7.9659077
0.10475089 7.9652895
0.10569791 7.9646603
0.10665348 7.9640195
0.1076177 7.9633671
0.10859063 7.962703
0.10957235 7.9620268
0.11056296 7.9613384
0.11156251 7.9606376
0.11257111 7.9599241
0.11358882 7.9591977
0.11461573 7.9584581
0.11565193 7.9577051
0.1166975 7.9569386
0.11775252 7.9561581
0.11881707 7.9553636
0.11989125 7.9545547
0.12097514 7.9537312
0.12206883 7.9528928
0.12317241 7.9520392
0.12428597 7.9511701
0.12540959 7.9502854
0.12654337 7.9493847
0.1276874 7.9484677
0.12884177 7.9475342
0.13000658 7.9465838
0.13118192 7.9456162
0.13236789 7.9446311
0.13356458 7.9436282
0.13477209 7.9426073
0.13599051 7.9415679
0.13721995 7.9405097
0.1384605 7.9394323
0.13971227 7.9383356
0.14097536 7.9372191
0.14224986 7.9360825
0.14353589 7.9349252
0.14483354 7.9337471
0.14614293 7.9325478
0.14746415 7.9313269
0.14879732 7.9300839
0.15014254 7.9288184
0.15149992 7.9275302
0.15286957 7.9262187
0.15425161 7.9248836
0.15564614 7.9235244
0.15705328 7.9221407
0.15847314 7.9207322
0.15990583 7.9192982
0.16135148 7.9178384
0.1628102 7.9163522
0.1642821 7.9148393
0.16576732 7.9132992
0.16726596 7.9117313
0.16877814 7.9101353
0.170304 7.9085104
0.17184366 7.9068564
0.17339723 7.9051726
0.17496485 7.9034585
0.17654664 7.9017135
0.17814273 7.8999372
0.17975325 7.8981289
0.18137833 7.8962882
0.18301811 7.8944144
0.1846727 7.8925068
0.18634226 7.8905651
0.18802691 7.8885884
0.18972679 7.8865762
0.19144204 7.8845279
0.19317279 7.8824428
0.1949192 7.8803203
0.19668139 7.8781597
0.19845951 7.8759603
0.20025371 7.8737215
0.20206412 7.8714426
0.20389091 7.8691228
0.20573421 7.8667614
0.20759418 7.8643577
0.20947096 7.8619109
0.2113647 7.8594204
0.21327557 7.8568852
0.21520372 7.8543047
0.21714929 7.8516779
0.21911246 7.8490042
0.22109337 7.8462826
0.22309219 7.8435124
0.22510908 7.8406927
0.22714421 7.8378225
0.22919773 7.8349011
0.23126982 7.8319275
0.23336065 7.8289009
0.23547037 7.8258202
0.23759917 7.8226845
0.23974721 7.819493
0.24191468 7.8162445
0.24410174 7.8129381
0.24630857 7.8095728
0.24853535 7.8061475
0.25078227 7.8026612
0.25304949 7.799113
0.25533722 7.7955016
0.25764562 7.7918259
0.2599749 7.7880848
0.26232524 7.7842774
0.26469682 7.7804023
0.26708984 7.7764583
0.2695045 7.7724444
0.27194099 7.7683592
0.27439951 7.7642015
0.27688025 7.7599703
0.27938342 7.755664
0.28190922 7.7512814
0.28445785 7.7468213
0.28702953 7.7422822
0.28962445 7.737663
0.29224284 7.732962
0.29488489 7.728178
0.29755084 7.7233095
0.30024088 7.7183551
0.30295525 7.7133133
0.30569415 7.7081826
0.30845782 7.7029615
0.31124647 7.6976485
0.31406033 7.692242
0.31689963 7.6867403
0.3197646 7.6811421
0.32265547 7.6754453
0.32557247 7.6696487
0.32851585 7.6637503
0.33148584 7.6577486
0.33448268 7.6516416
0.33750661 7.6454277
0.34055788 7.6391051
0.34363673 7.6326719
0.34674342 7.6261263
0.3498782 7.6194665
0.35304132 7.6126904
0.35623303 7.6057962
0.3594536 7.598782
0.36270328 7.5916456
0.36598234 7.5843851
0.36929105 7.5769985
0.37262967 7.5694836
0.37599848 7.5618383
0.37939774 7.5540604
0.38282773 7.546148
0.38628873 7.5380986
0.38978102 7.52991
0.39330488 7.5215802
0.3968606 7.5131065
0.40044847 7.5044867
0.40406877 7.4957187
0.40772181 7.4867998
0.41140786 7.4777276
0.41512725 7.4684997
0.41888026 7.4591136
0.42266719 7.4495667
0.42648837 7.4398566
0.43034409 7.4299804
0.43423467 7.4199358
0.43816042 7.4097199
0.44212166 7.3993301
0.44611871 7.3887637
0.45015191 7.3780178
0.45422156 7.3670896
0.458328 7.3559763
0.46247157 7.3446751
0.4666526 7.333183
0.47087143 7.3214971
0.4751284 7.3096143
0.47942386 7.2975317
0.48375815 7.2852463
0.48813163 7.2727549
0.49254464 7.2600544
0.49699755 7.2471416
0.50149072 7.2340133
0.5060245 7.2206665
0.51059928 7.2070977
0.51521541 7.1933036
0.51987328 7.179281
0.52457326 7.1650265
0.52931573 7.1505367
0.53410107 7.1358082
0.53892968 7.1208374
0.54380194 7.1056211
0.54871824 7.0901555
0.553679 7.074437
0.5586846 7.0584623
0.56373546 7.0422277
0.56883198 7.0257293
0.57397457 7.0089638
0.57916366 6.9919273
0.58439966 6.9746161
0.58968299 6.9570265
0.59501409 6.9391546
0.60039339 6.9209968
0.60582132 6.9025491
0.61129832 6.8838078
0.61682484 6.8647689
0.62240132 6.8454286
0.62802821 6.8257831
0.63370598 6.8058283
0.63943508 6.7855603
0.64521597 6.7649753
0.65104912 6.7440693
0.65693501 6.7228382
0.66287411 6.7012781
0.6688669 6.6793852
0.67491388 6.6571553
0.68101552 6.6345845
0.68717232 6.6116688
0.69338479 6.5884043
0.69965342 6.5647869
0.70597872 6.5408128
0.7123612 6.5164781
0.71880139 6.4917786
0.7252998 6.4667106
0.73185697 6.4412701
0.73847341 6.4154533
0.74514967 6.3892563
0.75188628 6.3626754
0.7586838 6.3357066
0.76554278 6.3083464
0.77246376 6.280591
0.77944731 6.2524368
0.786494 6.2238802
0.79360439 6.1949175
0.80077907 6.1655455
0.80801861 6.1357605
0.8153236 6.1055594
0.82269464 6.0749388
0.83013231 6.0438955
0.83763722 6.0124264
0.84520998 5.9805285
0.8528512 5.9481991
0.86056151 5.915435
0.86834152 5.8822339
0.87619187 5.8485929
0.88411319 5.8145098
0.89210612 5.7799821
0.90017131 5.7450077
0.90830942 5.7095846
0.9165211 5.673711
0.92480702 5.6373849
0.93316785 5.6006051
0.94160427 5.5633699
0.95011696 5.5256784
0.95870661 5.4875295
0.96737391 5.4489225
0.97611957 5.4098567
0.9849443 5.3703319
0.99384881 5.330348
1.0028338 5.2899052
1.0119001 5.2490037
1.0210483 5.2076443
1.0302792 5.165828
1.0395935 5.123556
1.0489921 5.0808298
1.0584757 5.0376513
1.0680449 4.9940227
1.0777007 4.9499464
1.0874438 4.9054253
1.097275 4.8604628
1.107195 4.8150622
1.1172048 4.7692276
1.127305 4.7229634
1.1374965 4.6762744
1.1477802 4.6291657
1.1581568 4.5816431
1.1686273 4.5337125
1.1791924 4.4853806
1.1898531 4.4366544
1.2006101 4.3875414
1.2114643 4.3380497
1.2224167 4.2881878
1.2334681 4.2379648
1.2446194 4.1873903
1.2558716 4.1364746
1.2672254 4.0852283
1.2786819 4.0336629
1.290242 3.9817903
1.3019066 3.929623
1.3136767 3.8771743
1.3255531 3.8244579
1.3375369 3.7714883
1.3496291 3.7182808
1.3618306 3.6648511
1.3741424 3.6112156
1.3865655 3.5573917
1.3991009 3.5033971
1.4117496 3.4492505
1.4245127 3.3949712
1.4373912 3.3405792
1.4503861 3.2860955
1.4634985 3.2315415
1.4767295 3.1769396
1.49008 3.1223127
1.5035513 3.0676847
1.5171443 3.0130802
1.5308602 2.9585245
1.5447002 2.9040437
1.5586652 2.8496647
1.5727565 2.795415
1.5869752 2.7413232
1.6013224 2.6874184
1.6157994 2.6337303
1.6304072 2.5802897
1.6451471 2.5271278
1.6600203 2.4742769
1.6750279 2.4217698
1.6901712 2.3696397
1.7054514 2.3179211
1.7208697 2.2666487
1.7364275 2.2158579
1.7521258 2.1655849
1.7679661 2.1158664
1.7839497 2.0667397
1.8000777 2.0182426
1.8163515 1.9704135
1.8327724 1.9232913
1.8493418 1.8769152
1.866061 1.831325
1.8829314 1.7865608
1.8999543 1.7426633
1.917131 1.699673
1.9344631 1.6576313
1.9519518 1.6165795
1.9695987 1.576559
1.9874051 1.5376116
2.0053725 1.499779
2.0235023 1.4631032
2.041796 1.427626
2.0602551 1.3933892
2.0788811 1.3604346
2.0976755 1.3288038
2.1166398 1.2985382
2.1357755 1.269679
2.1550842 1.242267
2.1745675 1.2163428
2.194227 1.1919465
2.2140642 1.1691178
2.2340807 1.1478958
2.2542782 1.1283191
2.2746582 1.1104258
2.2952226 1.0942529
2.3159728 1.0798373
2.3369106 1.0672145
2.3580378 1.0564195
2.3793559 1.0474864
2.4008667 1.0404482
2.4225721 1.035337
2.4444736 1.0321836
2.4665732 1.0310181
2.4888725 1.031869
2.5113735 1.0347636
2.5340779 1.0397281
2.5569875 1.046787
2.5801043 1.0559637
2.60343 1.0672797
2.6269666 1.0807549
2.6507161 1.0964077
2.6746802 1.1142546
2.698861 1.13431
2.7232603 1.1565868
2.7478803 1.181095
2.7727228 1.2078429
2.79779 1.2368364
2.8230837 1.2680786
2.8486062 1.30157
2.8743593 1.3373083
2.9003453 1.3752881
2.9265663 1.4155008
2.9530242 1.4579345
2.9797214 1.5025732
3.00666 1.5493974
3.033842 1.5983835
3.0612699 1.6495033
3.0889456 1.7027238
3.1168716 1.7580074
3.1450501 1.8153113
3.1734833 1.8745868
3.2021736 1.9357796
3.2311232 1.9988294
3.2603346 2.0636691
3.28981 2.1302254
3.3195519 2.1984176
3.3495627 2.2681577
3.3798449 2.3393504
3.4104008 2.4118925
3.4412329 2.4856725
3.4723438 2.560571
3.503736 2.6364602
3.5354119 2.7132037
3.5673742 2.7906567
3.5996255 2.8686656
3.6321684 2.9470684
3.6650054 3.0256948
3.6981393 3.1043659
3.7315728 3.1828949
3.7653086 3.2610876
3.7993493 3.338742
3.8336978 3.4156495
3.8683568 3.491595
3.9033291 3.566358
3.9386177 3.6397127
3.9742252 3.7114293
4.0101547 3.7812746
4.046409 3.8490131
4.082991 3.9144079
4.1199038 3.9772219
4.1571503 4.0372188
4.1947335 4.0941645
4.2326565 4.1478282
4.2709224 4.1979836
4.3095342 4.2444106
4.348495 4.2868965
4.3878081 4.325237
4.4274766 4.3592384
4.4675038 4.3887181
4.5078928 4.413507
4.5486469 4.4334499
4.5897695 4.4484079
4.6312639 4.4582587
4.6731334 4.4628992
4.7153814 4.4622459
4.7580114 4.4562364
4.8010268 4.4448311
4.8444311 4.4280137
4.8882277 4.4057929
4.9324204 4.3782033
4.9770125 4.3453061
5.0220078 4.3071903
5.0674099 4.263973
5.1132224 4.2158001
5.1594491 4.1628467
5.2060937 4.1053168
5.2531601 4.0434439
5.3006519 3.9774896
5.3485731 3.9077437
5.3969275 3.8345227
5.4457191 3.7581685
5.4949518 3.6790469
5.5446296 3.5975456
5.5947565 3.5140715
5.6453365 3.4290486
5.6963739 3.3429153
5.7478727 3.256121
5.799837 3.1691235
5.8522711 3.0823859
5.9051793 2.9963741
5.9585658 2.9115535
6.0124349 2.8283873
6.0667911 2.7473346
6.1216387 2.6688486
6.1769821 2.5933761
6.2328258 2.5213571
6.2891744 2.4532252
6.3460325 2.3894086
6.4034046 2.3303309
6.4612953 2.2764134
6.5197095 2.2280758
6.5786517 2.1857386
6.6381268 2.1498236
6.6981396 2.1207547
6.7586949 2.0989567
6.8197977 2.0848539
6.8814529 2.0788664
6.9436656 2.0814051
7.0064406 2.0928639
7.0697832 2.1136118
7.1336984 2.1439813
7.1981915 2.1842563
7.2632676 2.2346582
7.3289321 2.2953319
7.3951902 2.3663304
7.4620473 2.4476004
7.5295089 2.5389688
7.5975803 2.6401306
7.6662671 2.7506393
7.735575 2.8699
7.8055094 2.9971658
7.876076 3.1315379
7.9472807 3.2719702
8.019129 3.4172759
8.0916269 3.5661407
8.1647803 3.7171374
8.238595 3.868744
8.313077 4.019365
8.3882324 4.1673542
8.4640672 4.3110396
8.5405876 4.4487475
8.6177998 4.5788291
8.6957101 4.699685
8.7743247 4.8097896
8.8536501 4.9077151
8.9336926 4.9921527
9.0144587 5.061934
9.095955 5.1160498
9.1781881 5.1536681
9.2611647 5.1741495
9.3448913 5.1770622
9.429375 5.1621943
9.5146224 5.1295656
9.6006405 5.0794355
9.6874362 5.01231
9.7750167 4.928944
9.8633889 4.830341
9.9525601 4.7177464
10.042537 4.5926367
10.133328 4.4567003
10.22494 4.3118128
10.31738 4.1600044
10.410655 4.0034199
10.504774 3.844274
10.599744 3.6848011
10.695572 3.5272044
10.792267 3.3736045
10.889835 3.2259934
10.988286 3.0861951
11.087627 2.9558356
11.187866 2.8363257
11.289011 2.7288562
11.391071 2.6344053
11.494053 2.5537565
11.597967 2.4875229
11.70282 2.4361731
11.80862 2.400054
11.915378 2.3794033
12.0231 2.3743493
12.131796 2.3848942
12.241475 2.4108808
12.352146 2.4519462
12.463817 2.5074697
12.576498 2.5765205
12.690197 2.6578184
12.804924 2.7497143
12.920689 2.8501972
13.0375 2.9569321
13.155367 3.0673249
13.2743 3.1786086
13.394308 3.2879395
13.515401 3.3924936
13.637588 3.4895509
13.76088 3.5765645
13.885287 3.6512117
14.010819 3.7114368
14.137485 3.7554917
14.265297 3.7819886
14.394264 3.7899698
14.524397 3.7789948
14.655707 3.749237
14.788204 3.7015689
14.921898 3.6376179
15.056801 3.5597692
15.192924 3.4711055
15.330278 3.3752838
15.468873 3.2763641
15.608721 3.1786162
15.749834 3.0863307
15.892222 3.003657
16.035898 2.9344747
16.180872 2.8822865
16.327157 2.8501087
16.474765 2.8403289
16.623707 2.8545181
16.773996 2.8931977
16.925643 2.9556014
17.078661 3.0394909
17.233063 3.1410934
17.388861 3.255219
17.546067 3.3755809
17.704694 3.4952978
17.864756 3.6075102
18.026264 3.7060144
18.189233 3.7858037
18.353675 3.8434282
18.519603 3.8771231
18.687032 3.8867066
18.855975 3.8733065
19.026444 3.8390092
19.198455 3.7865325
19.372021 3.7189993
19.547156 3.6398383
19.723875 3.5527836
19.902191 3.4619021
20.082119 3.371576
20.263674 3.28638
20.44687 3.2108405
20.631722 3.1490988
20.818246 3.1045288
21.006456 3.0793733
21.196367 3.0744626
21.387996 3.0890634
21.581356 3.120897
21.776465 3.1663336
21.973338 3.2207504
22.171991 3.2790021
22.372439 3.3359349
22.5747 3.3868567
22.778789 3.4278921
22.984724 3.4561822
23.19252 3.4699351
23.402195 3.4683731
23.613765 3.4516338
23.827248 3.4206886
24.042661 3.3773167
24.260022 3.324153
24.479348 3.2647841
24.700656 3.2038212
24.923966 3.1468426
25.149294 3.1000998
25.376659 3.0699172
25.60608 3.0617859
25.837575 3.0792352
26.071162 3.1226985
26.306862 3.1887122
26.544692 3.2698245
26.784673 3.3554331
27.026823 3.4334542
27.271162 3.4924397
27.51771 3.5236504
27.766488 3.5226582
28.017514 3.4901306
28.27081 3.4315464
28.526395 3.3558689
28.784292 3.2736856
29.04452 3.1956016
29.3071 3.1313013
29.572055 3.0889001
29.839404 3.0739039
30.109171 3.0877876
30.381377 3.1271609
30.656043 3.1844641
30.933193 3.2499115
31.212848 3.3133845
31.495032 3.3654768
31.779767 3.3982781
32.067075 3.4068
32.356982 3.3905938
32.649509 3.3539533
32.944681 3.3040754
33.242521 3.2486399
33.543054 3.1947585
33.846304 3.1494295
34.152296 3.1198331
34.461054 3.1121008
34.772603 3.1289887
35.086969 3.1680998
35.404177 3.2218614
35.724253 3.279069
36.047222 3.3269845
36.373112 3.3534574
36.701947 3.3495395
37.033756 3.3129217
37.368564 3.2507523
37.706399 3.1790801
38.047288 3.1177002
38.391259 3.0827206
38.73834 3.0812926
39.088559 3.1112978
39.441944 3.1643915
39.798524 3.228741
40.158327 3.2908545
40.521383 3.338133
40.887722 3.3611133
41.257372 3.354186
41.630364 3.3175751
42.006729 3.2605987
42.386496 3.199606
42.769696 3.1495992
43.156361 3.1188047
43.546521 3.1104562
43.940209 3.1257308
44.337455 3.1635247
44.738294 3.2176283
45.142756 3.2737484
45.550874 3.3116705
45.962682 3.3140851
46.378214 3.2759152
46.797501 3.2087553
47.22058 3.1378177
47.647483 3.0906559
48.078246 3.0845977
48.512903 3.1216921
48.95149 3.1900779
49.394042 3.2662071
49.840595 3.3193527
50.291185 3.3237125
50.745849 3.2734553
51.204623 3.1873327
51.667544 3.0997221
52.134651 3.0462113
52.605981 3.0489228
53.081571 3.1050823
53.561462 3.1879439
54.045691 3.2627434
54.534297 3.2998874
55.027321 3.2812694
55.524803 3.2129054
56.026781 3.1271444
56.533298 3.0655671
57.044394 3.0596056
57.560111 3.1098887
58.08049 3.1844315
58.605574 3.2438546
59.135405 3.2590764
59.670026 3.2230897
60.20948 3.1600911
60.753811 3.1078512
61.303063 3.0900078
61.857281 3.1085172
62.416509 3.1515196
62.980793 3.1999187
63.550179 3.2264471
64.124712 3.2106001
64.704439 3.1597092
65.289408 3.1070606
65.879665 3.0872731
66.475258 3.1119152
67.076235 3.1633955
67.682646 3.2050907
68.294539 3.206365
68.911965 3.1585827
69.534972 3.086663
70.163611 3.0393724
70.797934 3.054158
71.437991 3.1201519
72.083835 3.1834911
72.735517 3.2028336
73.393092 3.1743859
74.056611 3.1249726
74.726129 3.0921158
75.401699 3.0976349
76.083378 3.13633
76.771219 3.1783015
77.465278 3.181542
78.165613 3.133474
78.872278 3.0723678
79.585333 3.0583714
80.304834 3.1051795
81.030839 3.1653071
81.763408 3.1872831
82.5026 3.1464271
83.248475 3.0754636
84.001093 3.0413182
84.760515 3.0682612
85.526803 3.1290371
86.300019 3.1603171
87.080224 3.135475
87.867484 3.0865285
88.661861 3.0674943
89.463419 3.0966246
90.272224 3.1308273
91.088341 3.1210855
91.911836 3.0904538
92.742776 3.0733744
93.581229 3.0886849
94.427261 3.1255523
95.280942 3.1156764
96.142341 3.0670407
97.011528 3.0495238
97.888572 3.0930873
98.773546 3.1341425
99.66652 3.1350442
100.56757 3.1103731
101.47676 3.085323
102.39417 3.0796272
103.31988 3.0987214
104.25396 3.0935398
105.19648 3.0628952
106.14752 3.0446935
107.10716 3.0622811
108.07547 3.0819079
109.05254 3.0810227
110.03845 3.0869813
111.03326 3.0997802
112.03707 3.0887972
113.04996 3.0678912
114.072 3.0369282
115.10328 3.0408423
116.14389 3.0924403
117.1939 3.1222884
118.2534 3.0906389
119.32249 3.0433399
120.40124 3.056749
121.48974 3.1032605
122.58808 3.1094074
123.69636 3.051642
124.81465 3.0304846
125.94305 3.0902638
127.08165 3.1116371
128.23055 3.0670124
129.38983 3.0454592
130.5596 3.0752581
131.73994 3.1017686
132.93095 3.0806132
134.13273 3.0400825
135.34537 3.0419289
136.56898 3.064109
137.80365 3.06576
139.04948 3.0253773
140.30657 3.0593259
141.57503 3.0932698
142.85495 3.0462495
144.14645 3.042392
145.44963 3.0693263
146.76458 3.0508946
148.09142 3.027938
149.43026 3.0579089
150.78121 3.060323
152.14436 3.0394623
153.51984 3.0619052
154.90776 3.0810022
156.30822 3.0251843
157.72134 3.0597545
159.14724 3.0735529
160.58603 3.0240586
162.03783 3.0536663
163.50275 3.0499756
164.98092 3.044626
166.47245 3.0397043
167.97746 3.0295096
169.49608 3.0418865
171.02843 3.0412206
172.57464 3.053723
174.13482 3.0205779
175.7091 3.0625866
177.29762 3.0528491
178.90051 3.0265308
180.51788 3.0464642
182.14987 3.0288298
183.79662 3.0523294
185.45825 3.0538409
187.13491 3.0371771
188.82673 3.0319735
190.53384 3.0402523
192.25638 3.0338605
193.9945 3.043889
195.74833 3.0571069
197.51802 3.0308413
199.3037 3.0337372
201.10553 3.0470496
202.92365 3.0232801
204.75821 3.0293041
206.60935 3.0394667
208.47723 3.0536696
210.36199 3.0187782
212.26379 3.0058853
214.18279 3.0748169
216.11914 3.0428654
218.07299 3.0215193
220.0445 3.0389009
222.03384 3.0283939
224.04117 3.0515545
226.06664 3.0174935
228.11042 3.0621213
230.17268 3.0135721
232.25359 3.0358346
234.3533 3.0400431
236.472 3.0275142
238.60986 3.0296641
240.76704 3.0305728
242.94372 3.0362341
245.14008 3.0689343
247.3563 3.034436
249.59256 3.0564339
251.84903 3.0429015
254.1259 3.0375669
256.42336 3.031321
258.74158 3.0513018
261.08077 3.0445507
263.4411 3.0346872
265.82277 3.057498
268.22597 3.0310483
270.6509 3.0529794
273.09776 3.0393322
275.56673 3.0419616
278.05802 3.0320852
280.57184 3.0511365
283.10839 3.0395945
285.66786 3.0120001
288.25048 3.0335566
290.85644 3.0576747
293.48596 3.0496479
296.13926 3.0331885
298.81654 3.0292799
301.51803 3.0201663
304.24394 3.047639
306.99449 3.0043876
309.76992 3.0576797
312.57043 3.0291028
315.39626 3.0202691
318.24764 3.0394871
321.12479 3.0482507
324.02796 3.0155342
326.95738 3.0460232
329.91327 3.0373449
332.8959 3.0492415
335.90548 3.0264608
338.94228 3.0456185
342.00652 3.0480649
345.09848 3.0204992
348.21838 3.0369217
351.36649 3.0313724
354.54306 3.0246578
357.74835 3.0520203
360.98262 3.0454058
364.24613 3.0410913
367.53914 3.0405405
370.86192 3.0298663
374.21474 3.0475066
377.59788 3.0253139
381.0116 3.0494894
384.45618 3.0322992
387.9319 3.0209963
391.43905 3.0130159
394.9779 3.0760375
398.54875 3.0285245
402.15187 3.006896
405.78758 3.0217081
409.45615 3.0312951
413.15789 3.0359185
416.89309 3.0359543
420.66206 3.0265696
424.46511 3.0288531
428.30254 3.0191721
432.17466 3.0166312
436.08179 2.9979137
440.02424 3.004866
444.00233 3.0314419
448.01639 3.0463691
452.06674 3.0379423
456.1537 3.0298254
460.27761 3.0243227
464.43881 3.0342541
468.63762 3.0373902
472.8744 3.0121214
477.14948 2.9978726
481.46321 3.0474851
485.81593 3.0295695
490.20801 3.0170639
494.6398 3.0306182
499.11165 3.0164597
503.62393 3.0266294
508.177 3.0323088
512.77124 3.0326451
517.40701 3.0301499
522.08469 3.0082738
526.80466 3.0141824
531.5673 3.0426692
536.373 3.0039224
541.22215 3.0490162
546.11513 3.0501971
551.05235 3.0390104
556.03421 3.0411938
561.0611 3.0273796
566.13344 3.0429692
571.25164 3.0200609
576.41611 3.0197502
581.62727 3.0232146
586.88554 3.0478018
592.19135 3.0366349
597.54513 3.0299414
602.94731 3.0365741
608.39833 3.0439926
613.89863 3.0660551
619.44865 3.0096806
625.04885 3.023966
630.69968 3.032286
636.4016 3.0293473
642.15507 3.0237944
647.96055 3.0472996
653.81852 3.0073184
659.72944 3.0438733
665.69381 3.0338267
671.71209 3.0295265
677.78479 3.0524724
683.91238 3.0355106
690.09538 3.0374938
696.33427 3.0392003
702.62956 3.037787
708.98177 3.0116216
715.39141 3.0439127
721.85899 3.0199465
728.38504 3.0465555
734.9701 3.0220311
741.61468 3.0094393
748.31934 3.0262126
755.08461 3.0178428
761.91105 3.0502674
768.7992 3.0278862
775.74962 3.0384192
782.76288 3.0413281
789.83954 3.040985
796.98018 3.0505643
804.18538 3.0213554
811.45572 3.0512288
818.79178 3.0115888
826.19417 3.0236653
833.66348 3.0250433
841.20031 3.041688
848.80529 3.0395579
856.47901 3.0267401
864.22212 3.0421595
872.03522 3.0441839
879.91896 3.0496918
887.87398 3.0262803
895.90091 3.044318
904.00041 3.0333711
912.17314 3.0587195
920.41975 3.0259193
928.74091 3.0519243
937.13731 3.036743
945.60961 3.0304193
954.15851 3.0164989
962.7847 3.0159034
971.48887 3.0337538
980.27174 3.0118164
989.134 3.0502356
998.07639 3.0195965
1007.0996 3.0218296
1016.2044 3.034232
1025.3915 3.0461664
1034.6617 3.0197538
1044.0157 3.0042228
1053.4543 3.005498
1062.9781 3.0384226
1072.5881 3.0219899
1082.285 3.0189482
1092.0695 3.0515269
1101.9425 3.0230891
1111.9047 2.9918821
1121.9571 3.0262836
1132.1002 3.0460583
1142.3351 3.0402552
1152.6626 3.0095819
1163.0833 3.0234534
1173.5983 3.0265445
1184.2084 3.0225509
1194.9144 3.0415955
1205.7171 3.0124026
1216.6176 3.0467434
1227.6166 3.0096851
1238.715 3.0213502
1249.9137 3.0050596
1261.2137 3.0493724
1272.6159 3.0355918
1284.1211 3.0187094
1295.7304 3.0299184
1307.4446 3.0314986
1319.2647 3.0360517
1331.1917 3.0315957
1343.2265 3.0292002
1355.3701 3.0360652
1367.6235 3.0562137
1379.9876 3.0218174
1392.4636 3.036532
1405.0523 3.0339997
1417.7549 3.0418863
1430.5722 3.0114342
1443.5055 3.0460549
1456.5557 3.0656459
1469.7239 3.0403541
1483.0111 3.0383503
1496.4184 3.0306703
1509.947 3.0349498
1523.5978 3.0595214
1537.3721 3.0390229
1551.2709 3.0193863
1565.2954 3.0412955
1579.4466 3.0388482
1593.7258 3.0342813
1608.1341 3.0346452
1622.6726 3.0388205
1637.3426 3.0701143
1652.1452 3.0362772
1667.0816 3.0361725
1682.153 3.0367382
1697.3607 3.0253985
1712.7059 3.0280524
1728.1899 3.0468398
1743.8138 3.0591232
1759.5789 3.044512
1775.4866 3.0297169
1791.5381 3.0320723
1807.7347 3.0061238
1824.0778 3.037723
1840.5686 3.0393327
1857.2085 3.0622465
1873.9988 3.0201836
1890.9409 3.0452055
1908.0362 3.0236723
1925.286 3.031179
1942.6918 3.0234625
1960.2549 3.0252698
1977.9769 3.0327794
1995.859 3.0548442
2013.9028 3.0318547
2032.1097 3.0350773
2050.4813 3.0074791
2069.0189 3.0512519
2087.7241 3.0339992
2106.5984 3.0519734
2125.6434 3.0314996
2144.8605 3.0264802
2164.2514 3.0614442
2183.8176 3.0481058
2203.5607 3.0246409
2223.4822 3.0099703
2243.5839 3.0428613
2263.8673 3.0397641
2284.334 3.0362174
2304.9858 3.0277774
2325.8243 3.0517585
2346.8512 3.0308854
2368.0682 3.0261277
2389.4771 3.0558558
2411.0794 3.0216093
2432.8771 3.0439777
2454.8718 3.021891
2477.0654 3.0619913
2499.4596 3.0349965
2522.0562 3.0344289
2544.8572 3.0164116
2567.8643 3.0052706
2591.0794 3.0366162
2614.5043 3.0311183
2638.1411 3.0553878
2661.9915 3.0326996
2686.0576 3.0420186
2710.3412 3.0274002
2734.8444 3.0329849
2759.5691 3.0411501
2784.5173 3.0314209
2809.6911 3.0391026
2835.0924 3.0362098
2860.7234 3.0419951
2886.5861 3.0394034
2912.6827 3.0589021
2939.0151 3.0509978
2965.5857 3.0179062
2992.3964 3.0171905
3019.4495 3.0463828
3046.7472 3.0351782
3074.2917 3.0370323
3102.0852 3.0173764
3130.13 3.0426586
3158.4283 3.0167398
3186.9825 3.025684
3215.7948 3.0352234
3244.8676 3.0323378
3274.2032 3.0284773
3303.804 3.0324587
3333.6725 3.0396794
3363.8109 3.0525573
3394.2219 3.0379586
3424.9077 3.0440551
3455.871 3.0171971
3487.1143 3.0053021
3518.6399 3.0435328
3550.4506 3.0403213
3582.5489 3.0354109
3614.9374 3.0226966
3647.6187 3.0375793
3680.5954 3.0176797
3713.8703 3.0239979
3747.446 3.0284202
3781.3252 3.027854
3815.5107 3.0321682
3850.0053 3.0256232
3884.8118 3.0297119
3919.9329 3.0255882
3955.3715 3.0488513
3991.1305 3.0392132
4027.2128 3.0431713
4063.6214 3.0199056
4100.359 3.0748932
4137.4288 3.0434264
4174.8337 3.0329458
4212.5768 3.0214704
4250.6611 3.0154872
4289.0898 3.0415268
4327.8658 3.0540753
4366.9924 3.0530687
4406.4727 3.0210713
4446.31 3.0453593
4486.5074 3.0344614
4527.0682 3.0428187
4567.9957 3.0549715
4609.2932 3.0280821
4650.9641 3.029777
4693.0117 3.040879
4735.4395 3.0358362
4778.2508 3.0433441
4821.4491 3.0444151
4865.038 3.0217563
4909.021 3.0473988
4953.4016 3.0253744
4998.1834 3.0472202
5043.3701 3.0122526
5088.9653 3.0505834
5134.9727 3.0504959
5181.3961 3.0295075
5228.2391 3.0163334
5275.5057 3.0586411
5323.1995 3.0392063
5371.3245 3.0531972
5419.8847 3.0196509
5468.8838 3.0422947
5518.3259 3.0503836
5568.215 3.0389429
5618.5551 3.026921
5669.3504 3.0267746
5720.6048 3.0178409
5772.3226 3.037482
5824.508 3.0306965
5877.1652 3.0498473
5930.2984 2.9977226
5983.912 3.0335484
6038.0103 3.0415784
6092.5977 3.063517
6147.6785 3.0224676
6203.2574 3.0173647
6259.3387 3.0341776
6315.927 3.0107827
6373.0269 3.0221527
6430.643 3.039315
6488.78 3.0466335
6547.4426 3.033853
6606.6356 3.0488399
6666.3637 3.0555198
6726.6317 3.0227105
6787.4447 3.0114838
6848.8074 3.0319713
6910.7249 3.0306748
6973.2021 3.0446782
7036.2442 3.0295498
7099.8562 3.0333082
7164.0433 3.0319917
7228.8108 3.0288109
7294.1637 3.0340706
7360.1075 3.0450247
7426.6474 3.018088
7493.7889 3.0396845
7561.5374 3.0420499
7629.8984 3.0447296
7698.8775 3.0568589
7768.4801 3.0386923
7838.712 3.0501639
7909.5788 3.0290547
7981.0863 3.0458217
8053.2403 3.0402732
8126.0466 3.0348271
8199.5111 3.0284738
8273.6398 3.0191344
8348.4387 3.0471779
8423.9137 3.0463711
8500.0712 3.0416537
8576.9171 3.0184178
8654.4578 3.0542172
8732.6994 3.0555106
8811.6485 3.0421924
8891.3112 3.0326603
8971.6942 3.0429036
9052.8039 3.0312101
9134.6469 3.0539072
9217.2298 3.0534513
9300.5593 3.0413044
9384.6421 3.0325083
9469.4851 3.0597147
9555.0951 3.016995
9641.4791 3.0353873
9728.6441 3.0510211
9816.5971 3.0361505
9905.3452 3.0397369
9994.8957 3.0504947
10085.256 3.0389786
10176.433 3.0463986
10268.434 3.0507134
10361.267 3.029785
10454.939 3.066641
10549.459 3.0223963
10644.832 3.0368341
10741.068 3.04382
10838.174 3.0464545
10936.158 3.0343204
11035.028 3.0069815
11134.791 3.0200058
11235.456 3.0411937
11337.032 3.04187
11439.526 3.0212383
11542.946 3.0185466
11647.302 3.0282437
11752.6 3.0370758
11858.851 3.040548
11966.063 3.0399444
12074.243 3.0349049
12183.402 3.0499604
12293.548 3.0296137
12404.689 3.0296606
12516.835 2.9944526
12629.995 3.0378079
12744.178 3.0173982
12859.393 3.0321903
12975.65 3.0414827
13092.958 3.0079936
13211.327 3.0644854
13330.765 3.0118919
13451.284 3.0410572
13572.892 3.06237
13695.599 3.0356654
13819.416 3.0486515
13944.352 3.0088734
14070.417 3.0499854
14197.623 3.0102871
14325.978 3.0394642
14455.494 3.0368623
14586.18 3.0383539
14718.049 3.032596
14851.109 3.018072
14985.372 3.0411068
15120.849 3.028694
15257.551 3.0308358
15395.489 3.057382
15534.674 3.0538448
15675.117 3.0686806
15816.83 3.0445587
15959.824 3.0433228
16104.11 3.0341733
16249.701 3.0232747
16396.609 3.0377432
16544.844 3.0226314
16694.42 3.028229
16845.348 3.0405743
16997.64 3.0271706
17151.31 3.0556131
17306.368 3.010905
17462.828 3.0542015
17620.703 3.0466888
17780.005 3.0321884
17940.748 3.0621268
18102.943 3.0520594
18266.605 3.0277116
18431.747 3.0374981
18598.381 3.0443362
18766.522 3.0387294
18936.183 3.0425918
19107.378 3.0485767
19280.12 3.0216196
19454.425 3.035139
19630.305 3.0321148
19807.775 3.0294652
19986.85 3.0514415
20167.543 3.0520519
20349.87 3.0497675
20533.846 3.0208412
20719.484 3.0460742
20906.801 3.0354143
21095.812 3.0619263
21286.531 3.0296869
21478.975 3.0117703
21673.158 3.0280191
21869.097 3.0267017
22066.807 3.0163874
22266.305 3.0360681
22467.606 3.0332828
22670.727 3.0418296
22875.685 3.0171461
23082.495 3.0426023
23291.175 3.0301642
23501.742 3.0464317
23714.212 3.0442088
23928.603 3.0342463
24144.933 3.072331
24363.218 3.0523784
24583.477 3.0400566
24805.727 3.0331198
25029.986 3.0386389
25256.272 3.0154222
25484.605 3.0519323
25715.001 3.0322547
25947.481 3.0258834
26182.062 3.0231545
26418.765 3.0522476
26657.607 3.0594742
26898.608 3.0593995
27141.788 3.0367826
27387.167 3.056086
27634.764 3.0514057
27884.599 3.0438316
28136.693 3.0142507
28391.066 3.0327754
28647.739 3.0191495
28906.733 3.0503494
29168.068 3.0111704
29431.765 3.0327162
29697.847 3.0327581
29966.334 3.0604032
30237.248 3.0602581
30510.611 3.0564419
30786.446 3.0292196
31064.775 3.0199496
31345.62 3.0283988
31629.004 3.0498723
31914.949 3.0501388
32203.48 3.0118284
32494.62 3.0331475
32788.391 3.0470675
33084.819 3.0187083
33383.926 3.0355397
33685.738 3.0211663
33990.278 3.0468661
34297.571 3.0287499
34607.642 3.0369191
34920.517 3.0285298
35236.22 3.0465248
35554.777 3.0356854
35876.215 3.0346106
36200.558 3.0378903
36527.834 3.0525965
36858.068 3.0258482
37191.288 3.031518
37527.52 3.0281198
37866.792 3.0298782
38209.132 3.0310648
38554.566 3.0230517
38903.123 3.0384184
39254.832 3.0445054
39609.72 3.026187
39967.816 3.0458786
40329.15 3.0585604
40693.751 3.0465865
41061.648 3.0649893
41432.87 3.0481391
41807.449 3.051179
42185.415 3.0591356
42566.797 3.014083
42951.627 3.0273953
43339.937 3.0366442
43731.757 3.0623472
44127.119 3.0227207
44526.056 3.0474053
44928.599 3.0258239
45334.781 3.0145729
45744.636 3.0377432
46158.196 3.0392059
46575.495 3.0581622
46996.566 3.0666338
47421.444 3.0196427
47850.164 3.0141973
48282.759 3.0330644
48719.265 3.0523988
49159.717 3.0455881
49604.152 3.0705901
50052.604 3.0222223
50505.111 3.0383186
50961.708 3.0574593
51422.434 3.0433195
51887.325 3.0181129
52356.418 3.0528587
52829.753 3.0454711
53307.367 3.0427808
53789.299 3.0255167
54275.587 3.0238198
54766.272 3.0392058
55261.393 3.0308186
55760.991 3.0415463
56265.105 3.0359504
56773.776 3.0696313
57287.047 3.0051475
57804.957 3.0451375
58327.55 3.0505712
58854.867 3.0129313
59386.952 3.0173467
59923.847 3.031854
60465.596 3.0384689
61012.242 3.042411
61563.831 3.0428641
62120.406 3.0405239
62682.013 3.0764509
63248.698 3.0315459
63820.505 3.0152906
64397.482 3.0403391
64979.675 3.0537364
65567.132 3.0152255
66159.9 3.0526294
66758.026 3.0315544
67361.56 3.04745
67970.551 3.0105753
68585.047 3.0214924
69205.098 3.0498805
69830.755 3.0597695
70462.069 3.031234
71099.09 3.0279034
71741.87 3.0552717
72390.461 3.0467885
73044.916 3.0396096
73705.287 3.034691
74371.629 3.0497432
75043.995 3.0195899
75722.439 3.0337932
76407.017 3.0332843
77097.784 3.0482184
77794.796 3.0284466
78498.109 3.0535943
79207.781 3.0527008
79923.868 3.0522223
80646.43 3.0429221
81375.524 3.0503623
82111.209 3.065959
82853.545 3.0587701
83602.593 3.0269217
84358.412 3.0328241
85121.065 3.0514594
85890.612 3.0377376
86667.117 3.041522
87450.641 3.0274673
88241.249 3.0290756
89039.005 3.0323286
89843.973 3.0006471
90656.219 3.0331545
91475.807 3.0369921
92302.805 3.0287182
93137.28 3.0458155
93979.299 3.0396768
94828.93 3.0441021
95686.243 3.0373484
96551.306 3.0731876
97424.19 3.033497
98304.965 3.0415523
99193.703 3.0226391
100090.48 3.0346236
100995.36 3.0398117
101908.42 3.0422612
102829.73 3.0350594
103759.38 3.0263201
104697.43 3.0197102
105643.96 3.0301034
106599.04 3.0577269
107562.76 3.0603749
108535.2 3.0629788
109516.42 3.0469325
110506.52 3.0349706
111505.57 3.0730026
112513.65 3.0353073
113530.84 3.0428835
114557.23 3.0422912
115592.9 3.0149605
116637.93 3.0225619
117692.41 3.0357067
118756.42 3.0395207
119830.06 3.021532
120913.39 3.0516055
122006.53 3.0332856
123109.54 3.0409669
124222.53 3.0389896
125345.58 3.0314237
126478.78 3.0651703
127622.23 3.043066
128776.01 3.0487346
129940.22 3.0451914
131114.97 3.0308775
132300.33 3.0739505
133496.4 3.0138765
134703.29 3.0144974
135921.1 3.0141154
137149.91 3.0490403
138389.83 3.0542218
139640.96 3.0260332
140903.4 3.0190768
142177.25 3.0378191
143462.62 3.0498365
144759.61 3.0592883
146068.33 3.0388678
147388.88 3.0222261
148721.37 3.041618
150065.9 3.0521268
151422.59 3.0275377
152791.54 3.0115442
154172.87 3.0447579
155566.69 3.0254557
156973.11 3.049819
158392.25 3.0506907
159824.21 3.0081427
161269.12 3.0522256
162727.1 3.0291958
164198.25 3.0221033
165682.7 3.0628516
167180.58 3.0456581
168691.99 3.0373689
170217.08 3.0553436
171755.94 3.0292798
173308.72 3.0503287
174875.54 3.0373641
176456.53 3.0626821
178051.8 3.017108
179661.5 3.0521519
181285.75 3.035827
182924.69 3.0254942
184578.44 3.0251462
186247.15 3.0551861
187930.94 3.0652828
189629.95 3.0591344
191344.32 3.0128934
193074.19 3.0229777
194819.7 3.0463666
196581 3.0176307
198358.21 3.0385516
200151.49 3.0666769
201960.98 3.0355718
203786.84 3.0274298
205629.2 3.0432224
207488.21 3.05435
209364.04 3.0076377
211256.82 3.0072838
213166.71 3.0271682
215093.87 3.0572388
217038.45 3.042447
219000.61 3.0263376
220980.52 3.0757647
222978.32 3.0484897
224994.18 3.0264494
227028.27 3.0136214
229080.74 3.0344467
231151.78 3.0297837
233241.53 3.0426641
235350.18 3.0531741
237477.89 3.0322874
239624.84 3.0213121
241791.2 3.0393394
243977.14 3.038805
246182.85 3.0407827
248408.49 3.0755212
250654.26 3.0378017
252920.33 3.0521054
255206.89 3.0224808
257514.12 3.0520268
259842.2 3.0290971
262191.34 3.0496838
264561.71 3.0487743
266953.51 3.0514853
269366.94 3.0261103
271802.18 3.0239212
274259.44 3.055297
276738.92 3.0437825
279240.81 3.0279444
281765.32 3.0261594
284312.66 3.0179446
286883.02 3.0472466
289476.62 3.0321959
292093.67 3.0455448
294734.38 3.0456562
297398.96 3.0408196
300087.63 3.0286653
302800.61 3.0364214
305538.12 3.0442246
308300.37 3.0375283
311087.6 3.0655114
313900.02 3.0545398
316737.87 3.0371027
319601.38 3.0599974
322490.78 3.0656227
325406.29 3.0385995
328348.17 3.0657061
331316.64 3.0275906
334311.95 3.0100787
337334.34 3.0199469
340384.05 3.0510067
343461.33 3.0248893
346566.44 3.0356794
349699.61 3.0099442
352861.11 3.037804
356051.2 3.0111832
359270.12 3.0344412
362518.15 3.0278735
365795.54 3.0293623
369102.56 3.0189231
372439.47 3.01685
375806.56 3.0433476
379204.08 3.0374058
382632.32 3.0459164
386091.56 3.0514555
389582.06 3.0477761
393104.13 3.013295
396658.03 3.0335996
400244.07 3.0174357
403862.52 3.0219839
407513.69 3.0619714
411197.87 3.0568894
414915.35 3.0195907
418666.45 3.0347859
422451.45 3.0447395
426270.68 3.0474526
430124.43 3.059374
434013.02 3.0480022
437936.77 3.0428234
441895.99 3.030232
445891 3.0398364
449922.14 3.0303484
453989.71 3.0764306
458094.06 3.0528832
462235.52 3.0458981
466414.41 3.0499006
470631.09 3.0242998
474885.89 3.0394517
479179.15 3.0422109
483511.23 3.0448738
487882.47 3.0394036
492293.23 3.0389838
496743.87 3.0496893
501234.74 3.0236412
505766.21 3.0453142
510338.66 3.0354041
514952.43 3.0515952
519607.92 3.0136814
524305.5 3.0434542
529045.55 3.0574359
533828.45 3.0480336
538654.59 3.0127064
543524.36 3.0261158
548438.16 3.0548731
553396.39 3.0350391
558399.43 3.0293428
563447.71 3.0113972
568541.63 3.0348599
573681.6 3.0415165
578868.04 3.0077826
584101.36 3.0337283
589382 3.0477785
594710.38 3.0208258
600086.93 3.0575429
605512.09 3.055644
610986.3 3.0502258
616510 3.0405953
622083.63 3.0381709
627707.65 3.0357139
633382.52 3.0392478
639108.69 3.0398062
644886.63 3.0603271
650716.81 3.0235493

